016
003
002
009
144
062
118
161
023
188
102
058
010
050
133
015
013
170
030
070
125
037
017
093
026
134
053
057
080
035
076
059
120
163
139
047
040
136
027
067
007
018
186
022
138
042
051
066
097
131
079
061
264
119
005
137
105
045
060
049
036
154
104
126
095
089
068
088
185
204
169
063
098
073
074
143
043
039
250
019
129
108
091
165
100
084
201
107
219
014
046
087
172
199
090
190
247
208
024
184
195
065
106
012
115
111
034
140
146
064
028
086
025
032
271
124
114
155
196
209
056
194
128
191
216
238
179
152
094
160
101
157
183
168
085
212
231
240
081
075
268
189
192
234
175
176
245
239
048
054
164
227
253
082
171
243
249
181
203
255
236
167
256
177
200
187
198
206
197
210
262
254
178
173
244
232
225
258
267
166
083
226
222
151
260
182
218
