0 255 0 0 65280
255 0 0 0 255
255 123 220 0 14449663
0 141 255 0 16747776
158 70 53 0 3491486
255 237 255 0 16772607
229 0 255 0 16711909
220 255 0 0 65500
237 132 0 0 34029
141 0 88 0 5767309
158 185 141 0 9288094
97 185 0 0 47457
0 44 97 0 6368256
62 79 44 0 2903870
97 62 79 0 5193313
255 211 0 0 54271
0 0 158 0 10354688
237 185 255 0 16759277
255 0 167 0 10944767
44 70 176 0 11552300
149 211 220 0 14472085
202 132 255 0 16745674
167 0 0 0 167
44 0 44 0 2883628
229 79 141 0 9261029
0 176 79 0 5222400
0 106 167 0 10971648
141 193 97 0 6406541
176 97 132 0 8675760
167 88 0 0 22695
0 62 70 0 4603392
132 106 88 0 5794436
202 149 44 0 2921930
106 132 62 0 4097130
0 167 176 0 11577088
255 202 185 0 12176127
255 158 97 0 6397695
176 70 158 0 10372784
255 106 123 0 8088319
114 9 176 0 11536754
229 79 0 0 20453
53 35 18 0 1188661
0 35 9 0 598784
123 44 62 0 4074619
237 237 70 0 4648429
211 229 211 0 13886931
202 246 167 0 11007690
246 141 123 0 8097270
114 141 123 0 8097138
0 18 44 0 2888192
70 79 0 0 20294
185 114 106 0 6976185
0 255 158 0 10419968
123 202 141 0 9292411
79 88 88 0 5789775
114 0 114 0 7471218
185 193 220 0 14467513
88 0 53 0 3473496
70 53 123 0 8074566
185 167 149 0 9807801
141 123 70 0 4619149
9 62 211 0 13843977
255 193 229 0 15057407
0 149 0 0 38144
193 79 44 0 2904001
44 44 53 0 3484716
211 53 62 0 4077011
106 176 149 0 9810026
211 220 123 0 8117459
167 0 211 0 13828263
9 79 62 0 4083465
114 176 211 0 13873266
53 106 53 0 3500597
0 202 70 0 4639232
246 9 132 0 8653302
220 18 18 0 1184476
62 220 149 0 9821246
132 141 176 0 11570564
193 149 237 0 15570369
255 132 185 0 12158207
167 237 123 0 8121767
255 193 79 0 5227007
123 0 35 0 2293883
158 185 176 0 11581854
202 123 70 0 4619210
79 149 62 0 4101455
88 44 211 0 13839448
158 141 9 0 626078
132 53 97 0 6370692
149 97 106 0 6971797
211 158 158 0 10395347
26 35 123 0 8069914
220 193 202 0 13287900
167 97 237 0 15557031
0 106 106 0 6973952
88 255 229 0 15073112
97 35 255 0 16720737
132 62 149 0 9780868
132 255 193 0 12713860
97 158 158 0 10395233
35 106 220 0 14445091
220 97 88 0 5792220
149 18 70 0 4592277
185 0 255 0 16711865
211 149 185 0 12162515
0 0 255 0 16711680
0 246 255 0 16774656
255 220 123 0 8117503
0 106 9 0 616960
62 0 106 0 6946878
141 255 158 0 10420109
79 123 141 0 9272143
255 0 106 0 6947071
123 88 246 0 16144507
123 106 0 0 27259
141 106 176 0 11561613
255 158 176 0 11575039
62 193 255 0 16761150
167 9 167 0 10946983
0 185 141 0 9287936
255 106 79 0 5204735
70 0 0 0 70
202 149 106 0 6985162
220 255 123 0 8126428
158 167 0 0 42910
176 149 167 0 10982832
0 255 114 0 7536384
132 0 229 0 15007876
255 255 202 0 13303807
176 255 211 0 13893552
88 53 0 0 13656
149 167 229 0 15050645
35 123 97 0 6388515
176 0 62 0 4063408
255 62 229 0 15023871
149 255 62 0 4128661
0 255 202 0 13303552
255 0 62 0 4063487
0 62 255 0 16727552
202 88 255 0 16734410
106 44 106 0 6958186
132 70 185 0 12142212
149 149 255 0 16749973
0 106 255 0 16738816
176 167 79 0 5220272
0 0 70 0 4587520
88 141 0 0 36184
26 211 18 0 1233690
88 88 132 0 8673368
0 62 0 0 15872
114 0 0 0 114
167 211 9 0 644007
26 141 79 0 5213466
193 0 132 0 8650945
106 220 202 0 13294698
149 97 44 0 2908565
0 26 141 0 9247232
255 176 9 0 635135
123 237 97 0 6417787
220 132 193 0 12682460
211 193 141 0 9290195
79 97 176 0 11559247
193 79 97 0 6377409
220 193 53 0 3523036
220 97 229 0 15032796
0 141 185 0 12160256
114 106 229 0 15034994
70 149 229 0 15045958
44 9 18 0 1181996
255 193 132 0 8700415
53 220 255 0 16768053
141 106 141 0 9267853
35 0 202 0 13238307
123 53 0 0 13691
18 79 114 0 7491346
246 158 255 0 16752374
106 62 53 0 3489386
220 62 185 0 12140252
62 44 79 0 5188670
185 149 202 0 13276601
176 255 246 0 16187312
167 202 70 0 4639399
88 53 185 0 12137816
97 114 0 0 29281
185 0 97 0 6357177
255 246 0 0 63231
220 106 35 0 2321116
193 255 88 0 5832641
185 70 132 0 8668857
176 106 202 0 13265584
0 62 141 0 9256448
246 79 176 0 11554806
123 123 132 0 8682363
106 158 106 0 6987370
106 202 88 0 5818986
158 88 149 0 9787550
62 9 79 0 5179710
149 62 237 0 15548053
97 79 44 0 2903905
255 246 123 0 8124159
211 237 255 0 16772563
106 9 141 0 9242986
106 114 79 0 5206634
158 0 132 0 8650910
202 0 202 0 13238474
35 44 0 0 11299
114 123 185 0 12155762
211 202 255 0 16763603
0 158 141 0 9281024
44 88 0 0 22572