0  0  0.5000
0  0  0.5025
0  0  0.5050
0  0  0.5075
0  0  0.5100
0  0  0.5125
0  0  0.5150
0  0  0.5175
0  0  0.5200
0  0  0.5225
0  0  0.5250
0  0  0.5275
0  0  0.5300
0  0  0.5325
0  0  0.5350
0  0  0.5375
0  0  0.5400
0  0  0.5425
0  0  0.5450
0  0  0.5475
0  0  0.5500
0  0  0.5525
0  0  0.5550
0  0  0.5575
0  0  0.5600
0  0  0.5625
0  0  0.5650
0  0  0.5675
0  0  0.5700
0  0  0.5725
0  0  0.5750
0  0  0.5775
0  0  0.5800
0  0  0.5825
0  0  0.5850
0  0  0.5875
0  0  0.5900
0  0  0.5925
0  0  0.5950
0  0  0.5975
0  0  0.6000
0  0  0.6025
0  0  0.6050
0  0  0.6075
0  0  0.6100
0  0  0.6125
0  0  0.6150
0  0  0.6175
0  0  0.6200
0  0  0.6225
0  0  0.6250
0  0  0.6275
0  0  0.6300
0  0  0.6325
0  0  0.6350
0  0  0.6375
0  0  0.6400
0  0  0.6425
0  0  0.6450
0  0  0.6475
0  0  0.6500
0  0  0.6525
0  0  0.6550
0  0  0.6575
0  0  0.6600
0  0  0.6625
0  0  0.6650
0  0  0.6675
0  0  0.6700
0  0  0.6725
0  0  0.6750
0  0  0.6775
0  0  0.6800
0  0  0.6825
0  0  0.6850
0  0  0.6875
0  0  0.6900
0  0  0.6925
0  0  0.6950
0  0  0.6975
0  0  0.7000
0  0  0.7025
0  0  0.7050
0  0  0.7075
0  0  0.7100
0  0  0.7125
0  0  0.7150
0  0  0.7175
0  0  0.7200
0  0  0.7225
0  0  0.7250
0  0  0.7275
0  0  0.7300
0  0  0.7325
0  0  0.7350
0  0  0.7375
0  0  0.7400
0  0  0.7425
0  0  0.7450
0  0  0.7475
0  0  0.7500
0  0  0.7525
0  0  0.7550
0  0  0.7575
0  0  0.7600
0  0  0.7625
0  0  0.7650
0  0  0.7675
0  0  0.7700
0  0  0.7725
0  0  0.7750
0  0  0.7775
0  0  0.7800
0  0  0.7825
0  0  0.7850
0  0  0.7875
0  0  0.7900
0  0  0.7925
0  0  0.7950
0  0  0.7975
0  0  0.8000
0  0  0.8025
0  0  0.8050
0  0  0.8075
0  0  0.8100
0  0  0.8125
0  0  0.8150
0  0  0.8175
0  0  0.8200
0  0  0.8225
0  0  0.8250
0  0  0.8275
0  0  0.8300
0  0  0.8325
0  0  0.8350
0  0  0.8375
0  0  0.8400
0  0  0.8425
0  0  0.8450
0  0  0.8475
0  0  0.8500
0  0  0.8525
0  0  0.8550
0  0  0.8575
0  0  0.8600
0  0  0.8625
0  0  0.8650
0  0  0.8675
0  0  0.8700
0  0  0.8725
0  0  0.8750
0  0  0.8775
0  0  0.8800
0  0  0.8825
0  0  0.8850
0  0  0.8875
0  0  0.8900
0  0  0.8925
0  0  0.8950
0  0  0.8975
0  0  0.9000
0  0  0.9025
0  0  0.9050
0  0  0.9075
0  0  0.9100
0  0  0.9125
0  0  0.9150
0  0  0.9175
0  0  0.9200
0  0  0.9225
0  0  0.9250
0  0  0.9275
0  0  0.9300
0  0  0.9325
0  0  0.9350
0  0  0.9375
0  0  0.9400
0  0  0.9425
0  0  0.9450
0  0  0.9475
0  0  0.9500
0  0  0.9525
0  0  0.9550
0  0  0.9575
0  0  0.9600
0  0  0.9625
0  0  0.9650
0  0  0.9675
0  0  0.9700
0  0  0.9725
0  0  0.9750
0  0  0.9775
0  0  0.9800
0  0  0.9825
0  0  0.9850
0  0  0.9875
0  0  0.9900
0  0  0.9925
0  0  0.9950
0  0  0.9975
0  0  1.0000
0  0.0025  1.0000
0  0.0050  1.0000
0  0.0075  1.0000
0  0.0100  1.0000
0  0.0125  1.0000
0  0.0150  1.0000
0  0.0175  1.0000
0  0.0200  1.0000
0  0.0225  1.0000
0  0.0250  1.0000
0  0.0275  1.0000
0  0.0300  1.0000
0  0.0325  1.0000
0  0.0350  1.0000
0  0.0375  1.0000
0  0.0400  1.0000
0  0.0425  1.0000
0  0.0450  1.0000
0  0.0475  1.0000
0  0.0500  1.0000
0  0.0525  1.0000
0  0.0550  1.0000
0  0.0575  1.0000
0  0.0600  1.0000
0  0.0625  1.0000
0  0.0650  1.0000
0  0.0675  1.0000
0  0.0700  1.0000
0  0.0725  1.0000
0  0.0750  1.0000
0  0.0775  1.0000
0  0.0800  1.0000
0  0.0825  1.0000
0  0.0850  1.0000
0  0.0875  1.0000
0  0.0900  1.0000
0  0.0925  1.0000
0  0.0950  1.0000
0  0.0975  1.0000
0  0.1000  1.0000
0  0.1025  1.0000
0  0.1050  1.0000
0  0.1075  1.0000
0  0.1100  1.0000
0  0.1125  1.0000
0  0.1150  1.0000
0  0.1175  1.0000
0  0.1200  1.0000
0  0.1225  1.0000
0  0.1250  1.0000
0  0.1275  1.0000
0  0.1300  1.0000
0  0.1325  1.0000
0  0.1350  1.0000
0  0.1375  1.0000
0  0.1400  1.0000
0  0.1425  1.0000
0  0.1450  1.0000
0  0.1475  1.0000
0  0.1500  1.0000
0  0.1525  1.0000
0  0.1550  1.0000
0  0.1575  1.0000
0  0.1600  1.0000
0  0.1625  1.0000
0  0.1650  1.0000
0  0.1675  1.0000
0  0.1700  1.0000
0  0.1725  1.0000
0  0.1750  1.0000
0  0.1775  1.0000
0  0.1800  1.0000
0  0.1825  1.0000
0  0.1850  1.0000
0  0.1875  1.0000
0  0.1900  1.0000
0  0.1925  1.0000
0  0.1950  1.0000
0  0.1975  1.0000
0  0.2000  1.0000
0  0.2025  1.0000
0  0.2050  1.0000
0  0.2075  1.0000
0  0.2100  1.0000
0  0.2125  1.0000
0  0.2150  1.0000
0  0.2175  1.0000
0  0.2200  1.0000
0  0.2225  1.0000
0  0.2250  1.0000
0  0.2275  1.0000
0  0.2300  1.0000
0  0.2325  1.0000
0  0.2350  1.0000
0  0.2375  1.0000
0  0.2400  1.0000
0  0.2425  1.0000
0  0.2450  1.0000
0  0.2475  1.0000
0  0.2500  1.0000
0  0.2525  1.0000
0  0.2550  1.0000
0  0.2575  1.0000
0  0.2600  1.0000
0  0.2625  1.0000
0  0.2650  1.0000
0  0.2675  1.0000
0  0.2700  1.0000
0  0.2725  1.0000
0  0.2750  1.0000
0  0.2775  1.0000
0  0.2800  1.0000
0  0.2825  1.0000
0  0.2850  1.0000
0  0.2875  1.0000
0  0.2900  1.0000
0  0.2925  1.0000
0  0.2950  1.0000
0  0.2975  1.0000
0  0.3000  1.0000
0  0.3025  1.0000
0  0.3050  1.0000
0  0.3075  1.0000
0  0.3100  1.0000
0  0.3125  1.0000
0  0.3150  1.0000
0  0.3175  1.0000
0  0.3200  1.0000
0  0.3225  1.0000
0  0.3250  1.0000
0  0.3275  1.0000
0  0.3300  1.0000
0  0.3325  1.0000
0  0.3350  1.0000
0  0.3375  1.0000
0  0.3400  1.0000
0  0.3425  1.0000
0  0.3450  1.0000
0  0.3475  1.0000
0  0.3500  1.0000
0  0.3525  1.0000
0  0.3550  1.0000
0  0.3575  1.0000
0  0.3600  1.0000
0  0.3625  1.0000
0  0.3650  1.0000
0  0.3675  1.0000
0  0.3700  1.0000
0  0.3725  1.0000
0  0.3750  1.0000
0  0.3775  1.0000
0  0.3800  1.0000
0  0.3825  1.0000
0  0.3850  1.0000
0  0.3875  1.0000
0  0.3900  1.0000
0  0.3925  1.0000
0  0.3950  1.0000
0  0.3975  1.0000
0  0.4000  1.0000
0  0.4025  1.0000
0  0.4050  1.0000
0  0.4075  1.0000
0  0.4100  1.0000
0  0.4125  1.0000
0  0.4150  1.0000
0  0.4175  1.0000
0  0.4200  1.0000
0  0.4225  1.0000
0  0.4250  1.0000
0  0.4275  1.0000
0  0.4300  1.0000
0  0.4325  1.0000
0  0.4350  1.0000
0  0.4375  1.0000
0  0.4400  1.0000
0  0.4425  1.0000
0  0.4450  1.0000
0  0.4475  1.0000
0  0.4500  1.0000
0  0.4525  1.0000
0  0.4550  1.0000
0  0.4575  1.0000
0  0.4600  1.0000
0  0.4625  1.0000
0  0.4650  1.0000
0  0.4675  1.0000
0  0.4700  1.0000
0  0.4725  1.0000
0  0.4750  1.0000
0  0.4775  1.0000
0  0.4800  1.0000
0  0.4825  1.0000
0  0.4850  1.0000
0  0.4875  1.0000
0  0.4900  1.0000
0  0.4925  1.0000
0  0.4950  1.0000
0  0.4975  1.0000
0  0.5000  1.0000
0  0.5025  1.0000
0  0.5050  1.0000
0  0.5075  1.0000
0  0.5100  1.0000
0  0.5125  1.0000
0  0.5150  1.0000
0  0.5175  1.0000
0  0.5200  1.0000
0  0.5225  1.0000
0  0.5250  1.0000
0  0.5275  1.0000
0  0.5300  1.0000
0  0.5325  1.0000
0  0.5350  1.0000
0  0.5375  1.0000
0  0.5400  1.0000
0  0.5425  1.0000
0  0.5450  1.0000
0  0.5475  1.0000
0  0.5500  1.0000
0  0.5525  1.0000
0  0.5550  1.0000
0  0.5575  1.0000
0  0.5600  1.0000
0  0.5625  1.0000
0  0.5650  1.0000
0  0.5675  1.0000
0  0.5700  1.0000
0  0.5725  1.0000
0  0.5750  1.0000
0  0.5775  1.0000
0  0.5800  1.0000
0  0.5825  1.0000
0  0.5850  1.0000
0  0.5875  1.0000
0  0.5900  1.0000
0  0.5925  1.0000
0  0.5950  1.0000
0  0.5975  1.0000
0  0.6000  1.0000
0  0.6025  1.0000
0  0.6050  1.0000
0  0.6075  1.0000
0  0.6100  1.0000
0  0.6125  1.0000
0  0.6150  1.0000
0  0.6175  1.0000
0  0.6200  1.0000
0  0.6225  1.0000
0  0.6250  1.0000
0  0.6275  1.0000
0  0.6300  1.0000
0  0.6325  1.0000
0  0.6350  1.0000
0  0.6375  1.0000
0  0.6400  1.0000
0  0.6425  1.0000
0  0.6450  1.0000
0  0.6475  1.0000
0  0.6500  1.0000
0  0.6525  1.0000
0  0.6550  1.0000
0  0.6575  1.0000
0  0.6600  1.0000
0  0.6625  1.0000
0  0.6650  1.0000
0  0.6675  1.0000
0  0.6700  1.0000
0  0.6725  1.0000
0  0.6750  1.0000
0  0.6775  1.0000
0  0.6800  1.0000
0  0.6825  1.0000
0  0.6850  1.0000
0  0.6875  1.0000
0  0.6900  1.0000
0  0.6925  1.0000
0  0.6950  1.0000
0  0.6975  1.0000
0  0.7000  1.0000
0  0.7025  1.0000
0  0.7050  1.0000
0  0.7075  1.0000
0  0.7100  1.0000
0  0.7125  1.0000
0  0.7150  1.0000
0  0.7175  1.0000
0  0.7200  1.0000
0  0.7225  1.0000
0  0.7250  1.0000
0  0.7275  1.0000
0  0.7300  1.0000
0  0.7325  1.0000
0  0.7350  1.0000
0  0.7375  1.0000
0  0.7400  1.0000
0  0.7425  1.0000
0  0.7450  1.0000
0  0.7475  1.0000
0  0.7500  1.0000
0  0.7525  1.0000
0  0.7550  1.0000
0  0.7575  1.0000
0  0.7600  1.0000
0  0.7625  1.0000
0  0.7650  1.0000
0  0.7675  1.0000
0  0.7700  1.0000
0  0.7725  1.0000
0  0.7750  1.0000
0  0.7775  1.0000
0  0.7800  1.0000
0  0.7825  1.0000
0  0.7850  1.0000
0  0.7875  1.0000
0  0.7900  1.0000
0  0.7925  1.0000
0  0.7950  1.0000
0  0.7975  1.0000
0  0.8000  1.0000
0  0.8025  1.0000
0  0.8050  1.0000
0  0.8075  1.0000
0  0.8100  1.0000
0  0.8125  1.0000
0  0.8150  1.0000
0  0.8175  1.0000
0  0.8200  1.0000
0  0.8225  1.0000
0  0.8250  1.0000
0  0.8275  1.0000
0  0.8300  1.0000
0  0.8325  1.0000
0  0.8350  1.0000
0  0.8375  1.0000
0  0.8400  1.0000
0  0.8425  1.0000
0  0.8450  1.0000
0  0.8475  1.0000
0  0.8500  1.0000
0  0.8525  1.0000
0  0.8550  1.0000
0  0.8575  1.0000
0  0.8600  1.0000
0  0.8625  1.0000
0  0.8650  1.0000
0  0.8675  1.0000
0  0.8700  1.0000
0  0.8725  1.0000
0  0.8750  1.0000
0  0.8775  1.0000
0  0.8800  1.0000
0  0.8825  1.0000
0  0.8850  1.0000
0  0.8875  1.0000
0  0.8900  1.0000
0  0.8925  1.0000
0  0.8950  1.0000
0  0.8975  1.0000
0  0.9000  1.0000
0  0.9025  1.0000
0  0.9050  1.0000
0  0.9075  1.0000
0  0.9100  1.0000
0  0.9125  1.0000
0  0.9150  1.0000
0  0.9175  1.0000
0  0.9200  1.0000
0  0.9225  1.0000
0  0.9250  1.0000
0  0.9275  1.0000
0  0.9300  1.0000
0  0.9325  1.0000
0  0.9350  1.0000
0  0.9375  1.0000
0  0.9400  1.0000
0  0.9425  1.0000
0  0.9450  1.0000
0  0.9475  1.0000
0  0.9500  1.0000
0  0.9525  1.0000
0  0.9550  1.0000
0  0.9575  1.0000
0  0.9600  1.0000
0  0.9625  1.0000
0  0.9650  1.0000
0  0.9675  1.0000
0  0.9700  1.0000
0  0.9725  1.0000
0  0.9750  1.0000
0  0.9775  1.0000
0  0.9800  1.0000
0  0.9825  1.0000
0  0.9850  1.0000
0  0.9875  1.0000
0  0.9900  1.0000
0  0.9925  1.0000
0  0.9950  1.0000
0  0.9975  1.0000
0  1.0000  1.0000
0.0025  1.0000  1.0000
0.0050  1.0000  1.0000
0.0075  1.0000  1.0000
0.0100  1.0000  1.0000
0.0125  1.0000  1.0000
0.0150  1.0000  1.0000
0.0175  1.0000  1.0000
0.0201  1.0000  1.0000
0.0226  1.0000  1.0000
0.0251  1.0000  1.0000
0.0276  1.0000  1.0000
0.0301  1.0000  1.0000
0.0326  1.0000  1.0000
0.0351  1.0000  1.0000
0.0376  1.0000  1.0000
0.0401  1.0000  1.0000
0.0426  1.0000  1.0000
0.0451  1.0000  1.0000
0.0476  1.0000  1.0000
0.0501  1.0000  1.0000
0.0526  1.0000  1.0000
0.0551  1.0000  1.0000
0.0576  1.0000  1.0000
0.0602  1.0000  1.0000
0.0627  1.0000  1.0000
0.0652  1.0000  1.0000
0.0677  1.0000  1.0000
0.0702  1.0000  1.0000
0.0727  1.0000  1.0000
0.0752  1.0000  1.0000
0.0777  1.0000  1.0000
0.0802  1.0000  1.0000
0.0827  1.0000  1.0000
0.0852  1.0000  1.0000
0.0877  1.0000  1.0000
0.0902  1.0000  1.0000
0.0927  1.0000  1.0000
0.0952  1.0000  1.0000
0.0977  1.0000  1.0000
0.1003  1.0000  1.0000
0.1028  1.0000  1.0000
0.1053  1.0000  1.0000
0.1078  1.0000  1.0000
0.1103  1.0000  1.0000
0.1128  1.0000  1.0000
0.1153  1.0000  1.0000
0.1178  1.0000  1.0000
0.1203  1.0000  1.0000
0.1228  1.0000  1.0000
0.1253  1.0000  1.0000
0.1278  1.0000  1.0000
0.1303  1.0000  1.0000
0.1328  1.0000  1.0000
0.1353  1.0000  1.0000
0.1378  1.0000  1.0000
0.1404  1.0000  1.0000
0.1429  1.0000  1.0000
0.1454  1.0000  1.0000
0.1479  1.0000  1.0000
0.1504  1.0000  1.0000
0.1529  1.0000  1.0000
0.1554  1.0000  1.0000
0.1579  1.0000  1.0000
0.1604  1.0000  1.0000
0.1629  1.0000  1.0000
0.1654  1.0000  1.0000
0.1679  1.0000  1.0000
0.1704  1.0000  1.0000
0.1729  1.0000  1.0000
0.1754  1.0000  1.0000
0.1779  1.0000  1.0000
0.1805  1.0000  1.0000
0.1830  1.0000  1.0000
0.1855  1.0000  1.0000
0.1880  1.0000  1.0000
0.1905  1.0000  1.0000
0.1930  1.0000  1.0000
0.1955  1.0000  1.0000
0.1980  1.0000  1.0000
0.2005  1.0000  1.0000
0.2030  1.0000  1.0000
0.2055  1.0000  1.0000
0.2080  1.0000  1.0000
0.2105  1.0000  1.0000
0.2130  1.0000  1.0000
0.2155  1.0000  1.0000
0.2180  1.0000  1.0000
0.2206  1.0000  1.0000
0.2231  1.0000  1.0000
0.2256  1.0000  1.0000
0.2281  1.0000  1.0000
0.2306  1.0000  1.0000
0.2331  1.0000  1.0000
0.2356  1.0000  1.0000
0.2381  1.0000  1.0000
0.2406  1.0000  1.0000
0.2431  1.0000  1.0000
0.2456  1.0000  1.0000
0.2481  1.0000  1.0000
0.2506  1.0000  1.0000
0.2531  1.0000  1.0000
0.2556  1.0000  1.0000
0.2581  1.0000  1.0000
0.2607  1.0000  1.0000
0.2632  1.0000  1.0000
0.2657  1.0000  1.0000
0.2682  1.0000  1.0000
0.2707  1.0000  1.0000
0.2732  1.0000  1.0000
0.2757  1.0000  1.0000
0.2782  1.0000  1.0000
0.2807  1.0000  1.0000
0.2832  1.0000  1.0000
0.2857  1.0000  1.0000
0.2882  1.0000  1.0000
0.2907  1.0000  1.0000
0.2932  1.0000  1.0000
0.2957  1.0000  1.0000
0.2982  1.0000  1.0000
0.3008  1.0000  1.0000
0.3033  1.0000  1.0000
0.3058  1.0000  1.0000
0.3083  1.0000  1.0000
0.3108  1.0000  1.0000
0.3133  1.0000  1.0000
0.3158  1.0000  1.0000
0.3183  1.0000  1.0000
0.3208  1.0000  1.0000
0.3233  1.0000  1.0000
0.3258  1.0000  1.0000
0.3283  1.0000  1.0000
0.3308  1.0000  1.0000
0.3333  1.0000  1.0000
0.3358  1.0000  1.0000
0.3383  1.0000  1.0000
0.3409  1.0000  1.0000
0.3434  1.0000  1.0000
0.3459  1.0000  1.0000
0.3484  1.0000  1.0000
0.3509  1.0000  1.0000
0.3534  1.0000  1.0000
0.3559  1.0000  1.0000
0.3584  1.0000  1.0000
0.3609  1.0000  1.0000
0.3634  1.0000  1.0000
0.3659  1.0000  1.0000
0.3684  1.0000  1.0000
0.3709  1.0000  1.0000
0.3734  1.0000  1.0000
0.3759  1.0000  1.0000
0.3784  1.0000  1.0000
0.3810  1.0000  1.0000
0.3835  1.0000  1.0000
0.3860  1.0000  1.0000
0.3885  1.0000  1.0000
0.3910  1.0000  1.0000
0.3935  1.0000  1.0000
0.3960  1.0000  1.0000
0.3985  1.0000  1.0000
0.4010  1.0000  1.0000
0.4035  1.0000  1.0000
0.4060  1.0000  1.0000
0.4085  1.0000  1.0000
0.4110  1.0000  1.0000
0.4135  1.0000  1.0000
0.4160  1.0000  1.0000
0.4185  1.0000  1.0000
0.4211  1.0000  1.0000
0.4236  1.0000  1.0000
0.4261  1.0000  1.0000
0.4286  1.0000  1.0000
0.4311  1.0000  1.0000
0.4336  1.0000  1.0000
0.4361  1.0000  1.0000
0.4386  1.0000  1.0000
0.4411  1.0000  1.0000
0.4436  1.0000  1.0000
0.4461  1.0000  1.0000
0.4486  1.0000  1.0000
0.4511  1.0000  1.0000
0.4536  1.0000  1.0000
0.4561  1.0000  1.0000
0.4586  1.0000  1.0000
0.4612  1.0000  1.0000
0.4637  1.0000  1.0000
0.4662  1.0000  1.0000
0.4687  1.0000  1.0000
0.4712  1.0000  1.0000
0.4737  1.0000  1.0000
0.4762  1.0000  1.0000
0.4787  1.0000  1.0000
0.4812  1.0000  1.0000
0.4837  1.0000  1.0000
0.4862  1.0000  1.0000
0.4887  1.0000  1.0000
0.4912  1.0000  1.0000
0.4937  1.0000  1.0000
0.4962  1.0000  1.0000
0.4987  1.0000  1.0000
0.5013  1.0000  1.0000
0.5038  1.0000  1.0000
0.5063  1.0000  1.0000
0.5088  1.0000  1.0000
0.5113  1.0000  1.0000
0.5138  1.0000  1.0000
0.5163  1.0000  1.0000
0.5188  1.0000  1.0000
0.5213  1.0000  1.0000
0.5238  1.0000  1.0000
0.5263  1.0000  1.0000
0.5288  1.0000  1.0000
0.5313  1.0000  1.0000
0.5338  1.0000  1.0000
0.5363  1.0000  1.0000
0.5388  1.0000  1.0000
0.5414  1.0000  1.0000
0.5439  1.0000  1.0000
0.5464  1.0000  1.0000
0.5489  1.0000  1.0000
0.5514  1.0000  1.0000
0.5539  1.0000  1.0000
0.5564  1.0000  1.0000
0.5589  1.0000  1.0000
0.5614  1.0000  1.0000
0.5639  1.0000  1.0000
0.5664  1.0000  1.0000
0.5689  1.0000  1.0000
0.5714  1.0000  1.0000
0.5739  1.0000  1.0000
0.5764  1.0000  1.0000
0.5789  1.0000  1.0000
0.5815  1.0000  1.0000
0.5840  1.0000  1.0000
0.5865  1.0000  1.0000
0.5890  1.0000  1.0000
0.5915  1.0000  1.0000
0.5940  1.0000  1.0000
0.5965  1.0000  1.0000
0.5990  1.0000  1.0000
0.6015  1.0000  1.0000
0.6040  1.0000  1.0000
0.6065  1.0000  1.0000
0.6090  1.0000  1.0000
0.6115  1.0000  1.0000
0.6140  1.0000  1.0000
0.6165  1.0000  1.0000
0.6190  1.0000  1.0000
0.6216  1.0000  1.0000
0.6241  1.0000  1.0000
0.6266  1.0000  1.0000
0.6291  1.0000  1.0000
0.6316  1.0000  1.0000
0.6341  1.0000  1.0000
0.6366  1.0000  1.0000
0.6391  1.0000  1.0000
0.6416  1.0000  1.0000
0.6441  1.0000  1.0000
0.6466  1.0000  1.0000
0.6491  1.0000  1.0000
0.6516  1.0000  1.0000
0.6541  1.0000  1.0000
0.6566  1.0000  1.0000
0.6591  1.0000  1.0000
0.6617  1.0000  1.0000
0.6642  1.0000  1.0000
0.6667  1.0000  1.0000
0.6692  1.0000  1.0000
0.6717  1.0000  1.0000
0.6742  1.0000  1.0000
0.6767  1.0000  1.0000
0.6792  1.0000  1.0000
0.6817  1.0000  1.0000
0.6842  1.0000  1.0000
0.6867  1.0000  1.0000
0.6892  1.0000  1.0000
0.6917  1.0000  1.0000
0.6942  1.0000  1.0000
0.6967  1.0000  1.0000
0.6992  1.0000  1.0000
0.7018  1.0000  1.0000
0.7043  1.0000  1.0000
0.7068  1.0000  1.0000
0.7093  1.0000  1.0000
0.7118  1.0000  1.0000
0.7143  1.0000  1.0000
0.7168  1.0000  1.0000
0.7193  1.0000  1.0000
0.7218  1.0000  1.0000
0.7243  1.0000  1.0000
0.7268  1.0000  1.0000
0.7293  1.0000  1.0000
0.7318  1.0000  1.0000
0.7343  1.0000  1.0000
0.7368  1.0000  1.0000
0.7393  1.0000  1.0000
0.7419  1.0000  1.0000
0.7444  1.0000  1.0000
0.7469  1.0000  1.0000
0.7494  1.0000  1.0000
0.7519  1.0000  1.0000
0.7544  1.0000  1.0000
0.7569  1.0000  1.0000
0.7594  1.0000  1.0000
0.7619  1.0000  1.0000
0.7644  1.0000  1.0000
0.7669  1.0000  1.0000
0.7694  1.0000  1.0000
0.7719  1.0000  1.0000
0.7744  1.0000  1.0000
0.7769  1.0000  1.0000
0.7794  1.0000  1.0000
0.7820  1.0000  1.0000
0.7845  1.0000  1.0000
0.7870  1.0000  1.0000
0.7895  1.0000  1.0000
0.7920  1.0000  1.0000
0.7945  1.0000  1.0000
0.7970  1.0000  1.0000
0.7995  1.0000  1.0000
0.8020  1.0000  1.0000
0.8045  1.0000  1.0000
0.8070  1.0000  1.0000
0.8095  1.0000  1.0000
0.8120  1.0000  1.0000
0.8145  1.0000  1.0000
0.8170  1.0000  1.0000
0.8195  1.0000  1.0000
0.8221  1.0000  1.0000
0.8246  1.0000  1.0000
0.8271  1.0000  1.0000
0.8296  1.0000  1.0000
0.8321  1.0000  1.0000
0.8346  1.0000  1.0000
0.8371  1.0000  1.0000
0.8396  1.0000  1.0000
0.8421  1.0000  1.0000
0.8446  1.0000  1.0000
0.8471  1.0000  1.0000
0.8496  1.0000  1.0000
0.8521  1.0000  1.0000
0.8546  1.0000  1.0000
0.8571  1.0000  1.0000
0.8596  1.0000  1.0000
0.8622  1.0000  1.0000
0.8647  1.0000  1.0000
0.8672  1.0000  1.0000
0.8697  1.0000  1.0000
0.8722  1.0000  1.0000
0.8747  1.0000  1.0000
0.8772  1.0000  1.0000
0.8797  1.0000  1.0000
0.8822  1.0000  1.0000
0.8847  1.0000  1.0000
0.8872  1.0000  1.0000
0.8897  1.0000  1.0000
0.8922  1.0000  1.0000
0.8947  1.0000  1.0000
0.8972  1.0000  1.0000
0.8997  1.0000  1.0000
0.9023  1.0000  1.0000
0.9048  1.0000  1.0000
0.9073  1.0000  1.0000
0.9098  1.0000  1.0000
0.9123  1.0000  1.0000
0.9148  1.0000  1.0000
0.9173  1.0000  1.0000
0.9198  1.0000  1.0000
0.9223  1.0000  1.0000
0.9248  1.0000  1.0000
0.9273  1.0000  1.0000
0.9298  1.0000  1.0000
0.9323  1.0000  1.0000
0.9348  1.0000  1.0000
0.9373  1.0000  1.0000
0.9398  1.0000  1.0000
0.9424  1.0000  1.0000
0.9449  1.0000  1.0000
0.9474  1.0000  1.0000
0.9499  1.0000  1.0000
0.9524  1.0000  1.0000
0.9549  1.0000  1.0000
0.9574  1.0000  1.0000
0.9599  1.0000  1.0000
0.9624  1.0000  1.0000
0.9649  1.0000  1.0000
0.9674  1.0000  1.0000
0.9699  1.0000  1.0000
0.9724  1.0000  1.0000
0.9749  1.0000  1.0000
0.9774  1.0000  1.0000
0.9799  1.0000  1.0000
0.9825  1.0000  1.0000
0.9850  1.0000  1.0000
0.9875  1.0000  1.0000
0.9900  1.0000  1.0000
0.9925  1.0000  1.0000
0.9950  1.0000  1.0000
0.9975  1.0000  1.0000
1.0000  1.0000  1.0000
1.0000  1.0000  0.9975
1.0000  1.0000  0.9950
1.0000  1.0000  0.9925
1.0000  1.0000  0.9900
1.0000  1.0000  0.9875
1.0000  1.0000  0.9850
1.0000  1.0000  0.9825
1.0000  1.0000  0.9800
1.0000  1.0000  0.9775
1.0000  1.0000  0.9750
1.0000  1.0000  0.9725
1.0000  1.0000  0.9700
1.0000  1.0000  0.9675
1.0000  1.0000  0.9650
1.0000  1.0000  0.9625
1.0000  1.0000  0.9600
1.0000  1.0000  0.9575
1.0000  1.0000  0.9550
1.0000  1.0000  0.9525
1.0000  1.0000  0.9500
1.0000  1.0000  0.9475
1.0000  1.0000  0.9450
1.0000  1.0000  0.9425
1.0000  1.0000  0.9400
1.0000  1.0000  0.9375
1.0000  1.0000  0.9350
1.0000  1.0000  0.9325
1.0000  1.0000  0.9300
1.0000  1.0000  0.9275
1.0000  1.0000  0.9250
1.0000  1.0000  0.9225
1.0000  1.0000  0.9200
1.0000  1.0000  0.9175
1.0000  1.0000  0.9150
1.0000  1.0000  0.9125
1.0000  1.0000  0.9100
1.0000  1.0000  0.9075
1.0000  1.0000  0.9050
1.0000  1.0000  0.9025
1.0000  1.0000  0.9000
1.0000  1.0000  0.8975
1.0000  1.0000  0.8950
1.0000  1.0000  0.8925
1.0000  1.0000  0.8900
1.0000  1.0000  0.8875
1.0000  1.0000  0.8850
1.0000  1.0000  0.8825
1.0000  1.0000  0.8800
1.0000  1.0000  0.8775
1.0000  1.0000  0.8750
1.0000  1.0000  0.8725
1.0000  1.0000  0.8700
1.0000  1.0000  0.8675
1.0000  1.0000  0.8650
1.0000  1.0000  0.8625
1.0000  1.0000  0.8600
1.0000  1.0000  0.8575
1.0000  1.0000  0.8550
1.0000  1.0000  0.8525
1.0000  1.0000  0.8500
1.0000  1.0000  0.8475
1.0000  1.0000  0.8450
1.0000  1.0000  0.8425
1.0000  1.0000  0.8400
1.0000  1.0000  0.8375
1.0000  1.0000  0.8350
1.0000  1.0000  0.8325
1.0000  1.0000  0.8300
1.0000  1.0000  0.8275
1.0000  1.0000  0.8250
1.0000  1.0000  0.8225
1.0000  1.0000  0.8200
1.0000  1.0000  0.8175
1.0000  1.0000  0.8150
1.0000  1.0000  0.8125
1.0000  1.0000  0.8100
1.0000  1.0000  0.8075
1.0000  1.0000  0.8050
1.0000  1.0000  0.8025
1.0000  1.0000  0.8000
1.0000  1.0000  0.7975
1.0000  1.0000  0.7950
1.0000  1.0000  0.7925
1.0000  1.0000  0.7900
1.0000  1.0000  0.7875
1.0000  1.0000  0.7850
1.0000  1.0000  0.7825
1.0000  1.0000  0.7800
1.0000  1.0000  0.7775
1.0000  1.0000  0.7750
1.0000  1.0000  0.7725
1.0000  1.0000  0.7700
1.0000  1.0000  0.7675
1.0000  1.0000  0.7650
1.0000  1.0000  0.7625
1.0000  1.0000  0.7600
1.0000  1.0000  0.7575
1.0000  1.0000  0.7550
1.0000  1.0000  0.7525
1.0000  1.0000  0.7500
1.0000  1.0000  0.7475
1.0000  1.0000  0.7450
1.0000  1.0000  0.7425
1.0000  1.0000  0.7400
1.0000  1.0000  0.7375
1.0000  1.0000  0.7350
1.0000  1.0000  0.7325
1.0000  1.0000  0.7300
1.0000  1.0000  0.7275
1.0000  1.0000  0.7250
1.0000  1.0000  0.7225
1.0000  1.0000  0.7200
1.0000  1.0000  0.7175
1.0000  1.0000  0.7150
1.0000  1.0000  0.7125
1.0000  1.0000  0.7100
1.0000  1.0000  0.7075
1.0000  1.0000  0.7050
1.0000  1.0000  0.7025
1.0000  1.0000  0.7000
1.0000  1.0000  0.6975
1.0000  1.0000  0.6950
1.0000  1.0000  0.6925
1.0000  1.0000  0.6900
1.0000  1.0000  0.6875
1.0000  1.0000  0.6850
1.0000  1.0000  0.6825
1.0000  1.0000  0.6800
1.0000  1.0000  0.6775
1.0000  1.0000  0.6750
1.0000  1.0000  0.6725
1.0000  1.0000  0.6700
1.0000  1.0000  0.6675
1.0000  1.0000  0.6650
1.0000  1.0000  0.6625
1.0000  1.0000  0.6600
1.0000  1.0000  0.6575
1.0000  1.0000  0.6550
1.0000  1.0000  0.6525
1.0000  1.0000  0.6500
1.0000  1.0000  0.6475
1.0000  1.0000  0.6450
1.0000  1.0000  0.6425
1.0000  1.0000  0.6400
1.0000  1.0000  0.6375
1.0000  1.0000  0.6350
1.0000  1.0000  0.6325
1.0000  1.0000  0.6300
1.0000  1.0000  0.6275
1.0000  1.0000  0.6250
1.0000  1.0000  0.6225
1.0000  1.0000  0.6200
1.0000  1.0000  0.6175
1.0000  1.0000  0.6150
1.0000  1.0000  0.6125
1.0000  1.0000  0.6100
1.0000  1.0000  0.6075
1.0000  1.0000  0.6050
1.0000  1.0000  0.6025
1.0000  1.0000  0.6000
1.0000  1.0000  0.5975
1.0000  1.0000  0.5950
1.0000  1.0000  0.5925
1.0000  1.0000  0.5900
1.0000  1.0000  0.5875
1.0000  1.0000  0.5850
1.0000  1.0000  0.5825
1.0000  1.0000  0.5800
1.0000  1.0000  0.5775
1.0000  1.0000  0.5750
1.0000  1.0000  0.5725
1.0000  1.0000  0.5700
1.0000  1.0000  0.5675
1.0000  1.0000  0.5650
1.0000  1.0000  0.5625
1.0000  1.0000  0.5600
1.0000  1.0000  0.5575
1.0000  1.0000  0.5550
1.0000  1.0000  0.5525
1.0000  1.0000  0.5500
1.0000  1.0000  0.5475
1.0000  1.0000  0.5450
1.0000  1.0000  0.5425
1.0000  1.0000  0.5400
1.0000  1.0000  0.5375
1.0000  1.0000  0.5350
1.0000  1.0000  0.5325
1.0000  1.0000  0.5300
1.0000  1.0000  0.5275
1.0000  1.0000  0.5250
1.0000  1.0000  0.5225
1.0000  1.0000  0.5200
1.0000  1.0000  0.5175
1.0000  1.0000  0.5150
1.0000  1.0000  0.5125
1.0000  1.0000  0.5100
1.0000  1.0000  0.5075
1.0000  1.0000  0.5050
1.0000  1.0000  0.5025
1.0000  1.0000  0.5000
1.0000  1.0000  0.4975
1.0000  1.0000  0.4950
1.0000  1.0000  0.4925
1.0000  1.0000  0.4900
1.0000  1.0000  0.4875
1.0000  1.0000  0.4850
1.0000  1.0000  0.4825
1.0000  1.0000  0.4800
1.0000  1.0000  0.4775
1.0000  1.0000  0.4750
1.0000  1.0000  0.4725
1.0000  1.0000  0.4700
1.0000  1.0000  0.4675
1.0000  1.0000  0.4650
1.0000  1.0000  0.4625
1.0000  1.0000  0.4600
1.0000  1.0000  0.4575
1.0000  1.0000  0.4550
1.0000  1.0000  0.4525
1.0000  1.0000  0.4500
1.0000  1.0000  0.4475
1.0000  1.0000  0.4450
1.0000  1.0000  0.4425
1.0000  1.0000  0.4400
1.0000  1.0000  0.4375
1.0000  1.0000  0.4350
1.0000  1.0000  0.4325
1.0000  1.0000  0.4300
1.0000  1.0000  0.4275
1.0000  1.0000  0.4250
1.0000  1.0000  0.4225
1.0000  1.0000  0.4200
1.0000  1.0000  0.4175
1.0000  1.0000  0.4150
1.0000  1.0000  0.4125
1.0000  1.0000  0.4100
1.0000  1.0000  0.4075
1.0000  1.0000  0.4050
1.0000  1.0000  0.4025
1.0000  1.0000  0.4000
1.0000  1.0000  0.3975
1.0000  1.0000  0.3950
1.0000  1.0000  0.3925
1.0000  1.0000  0.3900
1.0000  1.0000  0.3875
1.0000  1.0000  0.3850
1.0000  1.0000  0.3825
1.0000  1.0000  0.3800
1.0000  1.0000  0.3775
1.0000  1.0000  0.3750
1.0000  1.0000  0.3725
1.0000  1.0000  0.3700
1.0000  1.0000  0.3675
1.0000  1.0000  0.3650
1.0000  1.0000  0.3625
1.0000  1.0000  0.3600
1.0000  1.0000  0.3575
1.0000  1.0000  0.3550
1.0000  1.0000  0.3525
1.0000  1.0000  0.3500
1.0000  1.0000  0.3475
1.0000  1.0000  0.3450
1.0000  1.0000  0.3425
1.0000  1.0000  0.3400
1.0000  1.0000  0.3375
1.0000  1.0000  0.3350
1.0000  1.0000  0.3325
1.0000  1.0000  0.3300
1.0000  1.0000  0.3275
1.0000  1.0000  0.3250
1.0000  1.0000  0.3225
1.0000  1.0000  0.3200
1.0000  1.0000  0.3175
1.0000  1.0000  0.3150
1.0000  1.0000  0.3125
1.0000  1.0000  0.3100
1.0000  1.0000  0.3075
1.0000  1.0000  0.3050
1.0000  1.0000  0.3025
1.0000  1.0000  0.3000
1.0000  1.0000  0.2975
1.0000  1.0000  0.2950
1.0000  1.0000  0.2925
1.0000  1.0000  0.2900
1.0000  1.0000  0.2875
1.0000  1.0000  0.2850
1.0000  1.0000  0.2825
1.0000  1.0000  0.2800
1.0000  1.0000  0.2775
1.0000  1.0000  0.2750
1.0000  1.0000  0.2725
1.0000  1.0000  0.2700
1.0000  1.0000  0.2675
1.0000  1.0000  0.2650
1.0000  1.0000  0.2625
1.0000  1.0000  0.2600
1.0000  1.0000  0.2575
1.0000  1.0000  0.2550
1.0000  1.0000  0.2525
1.0000  1.0000  0.2500
1.0000  1.0000  0.2475
1.0000  1.0000  0.2450
1.0000  1.0000  0.2425
1.0000  1.0000  0.2400
1.0000  1.0000  0.2375
1.0000  1.0000  0.2350
1.0000  1.0000  0.2325
1.0000  1.0000  0.2300
1.0000  1.0000  0.2275
1.0000  1.0000  0.2250
1.0000  1.0000  0.2225
1.0000  1.0000  0.2200
1.0000  1.0000  0.2175
1.0000  1.0000  0.2150
1.0000  1.0000  0.2125
1.0000  1.0000  0.2100
1.0000  1.0000  0.2075
1.0000  1.0000  0.2050
1.0000  1.0000  0.2025
1.0000  1.0000  0.2000
1.0000  1.0000  0.1975
1.0000  1.0000  0.1950
1.0000  1.0000  0.1925
1.0000  1.0000  0.1900
1.0000  1.0000  0.1875
1.0000  1.0000  0.1850
1.0000  1.0000  0.1825
1.0000  1.0000  0.1800
1.0000  1.0000  0.1775
1.0000  1.0000  0.1750
1.0000  1.0000  0.1725
1.0000  1.0000  0.1700
1.0000  1.0000  0.1675
1.0000  1.0000  0.1650
1.0000  1.0000  0.1625
1.0000  1.0000  0.1600
1.0000  1.0000  0.1575
1.0000  1.0000  0.1550
1.0000  1.0000  0.1525
1.0000  1.0000  0.1500
1.0000  1.0000  0.1475
1.0000  1.0000  0.1450
1.0000  1.0000  0.1425
1.0000  1.0000  0.1400
1.0000  1.0000  0.1375
1.0000  1.0000  0.1350
1.0000  1.0000  0.1325
1.0000  1.0000  0.1300
1.0000  1.0000  0.1275
1.0000  1.0000  0.1250
1.0000  1.0000  0.1225
1.0000  1.0000  0.1200
1.0000  1.0000  0.1175
1.0000  1.0000  0.1150
1.0000  1.0000  0.1125
1.0000  1.0000  0.1100
1.0000  1.0000  0.1075
1.0000  1.0000  0.1050
1.0000  1.0000  0.1025
1.0000  1.0000  0.1000
1.0000  1.0000  0.0975
1.0000  1.0000  0.0950
1.0000  1.0000  0.0925
1.0000  1.0000  0.0900
1.0000  1.0000  0.0875
1.0000  1.0000  0.0850
1.0000  1.0000  0.0825
1.0000  1.0000  0.0800
1.0000  1.0000  0.0775
1.0000  1.0000  0.0750
1.0000  1.0000  0.0725
1.0000  1.0000  0.0700
1.0000  1.0000  0.0675
1.0000  1.0000  0.0650
1.0000  1.0000  0.0625
1.0000  1.0000  0.0600
1.0000  1.0000  0.0575
1.0000  1.0000  0.0550
1.0000  1.0000  0.0525
1.0000  1.0000  0.0500
1.0000  1.0000  0.0475
1.0000  1.0000  0.0450
1.0000  1.0000  0.0425
1.0000  1.0000  0.0400
1.0000  1.0000  0.0375
1.0000  1.0000  0.0350
1.0000  1.0000  0.0325
1.0000  1.0000  0.0300
1.0000  1.0000  0.0275
1.0000  1.0000  0.0250
1.0000  1.0000  0.0225
1.0000  1.0000  0.0200
1.0000  1.0000  0.0175
1.0000  1.0000  0.0150
1.0000  1.0000  0.0125
1.0000  1.0000  0.0100
1.0000  1.0000  0.0075
1.0000  1.0000  0.0050
1.0000  1.0000  0.0025
1.0000  1.0000  0
1.0000  0.9975  0
1.0000  0.9950  0
1.0000  0.9925  0
1.0000  0.9900  0
1.0000  0.9875  0
1.0000  0.9850  0
1.0000  0.9825  0
1.0000  0.9800  0
1.0000  0.9775  0
1.0000  0.9750  0
1.0000  0.9725  0
1.0000  0.9700  0
1.0000  0.9675  0
1.0000  0.9650  0
1.0000  0.9625  0
1.0000  0.9600  0
1.0000  0.9575  0
1.0000  0.9550  0
1.0000  0.9525  0
1.0000  0.9500  0
1.0000  0.9475  0
1.0000  0.9450  0
1.0000  0.9425  0
1.0000  0.9400  0
1.0000  0.9375  0
1.0000  0.9350  0
1.0000  0.9325  0
1.0000  0.9300  0
1.0000  0.9275  0
1.0000  0.9250  0
1.0000  0.9225  0
1.0000  0.9200  0
1.0000  0.9175  0
1.0000  0.9150  0
1.0000  0.9125  0
1.0000  0.9100  0
1.0000  0.9075  0
1.0000  0.9050  0
1.0000  0.9025  0
1.0000  0.9000  0
1.0000  0.8975  0
1.0000  0.8950  0
1.0000  0.8925  0
1.0000  0.8900  0
1.0000  0.8875  0
1.0000  0.8850  0
1.0000  0.8825  0
1.0000  0.8800  0
1.0000  0.8775  0
1.0000  0.8750  0
1.0000  0.8725  0
1.0000  0.8700  0
1.0000  0.8675  0
1.0000  0.8650  0
1.0000  0.8625  0
1.0000  0.8600  0
1.0000  0.8575  0
1.0000  0.8550  0
1.0000  0.8525  0
1.0000  0.8500  0
1.0000  0.8475  0
1.0000  0.8450  0
1.0000  0.8425  0
1.0000  0.8400  0
1.0000  0.8375  0
1.0000  0.8350  0
1.0000  0.8325  0
1.0000  0.8300  0
1.0000  0.8275  0
1.0000  0.8250  0
1.0000  0.8225  0
1.0000  0.8200  0
1.0000  0.8175  0
1.0000  0.8150  0
1.0000  0.8125  0
1.0000  0.8100  0
1.0000  0.8075  0
1.0000  0.8050  0
1.0000  0.8025  0
1.0000  0.8000  0
1.0000  0.7975  0
1.0000  0.7950  0
1.0000  0.7925  0
1.0000  0.7900  0
1.0000  0.7875  0
1.0000  0.7850  0
1.0000  0.7825  0
1.0000  0.7800  0
1.0000  0.7775  0
1.0000  0.7750  0
1.0000  0.7725  0
1.0000  0.7700  0
1.0000  0.7675  0
1.0000  0.7650  0
1.0000  0.7625  0
1.0000  0.7600  0
1.0000  0.7575  0
1.0000  0.7550  0
1.0000  0.7525  0
1.0000  0.7500  0
1.0000  0.7475  0
1.0000  0.7450  0
1.0000  0.7425  0
1.0000  0.7400  0
1.0000  0.7375  0
1.0000  0.7350  0
1.0000  0.7325  0
1.0000  0.7300  0
1.0000  0.7275  0
1.0000  0.7250  0
1.0000  0.7225  0
1.0000  0.7200  0
1.0000  0.7175  0
1.0000  0.7150  0
1.0000  0.7125  0
1.0000  0.7100  0
1.0000  0.7075  0
1.0000  0.7050  0
1.0000  0.7025  0
1.0000  0.7000  0
1.0000  0.6975  0
1.0000  0.6950  0
1.0000  0.6925  0
1.0000  0.6900  0
1.0000  0.6875  0
1.0000  0.6850  0
1.0000  0.6825  0
1.0000  0.6800  0
1.0000  0.6775  0
1.0000  0.6750  0
1.0000  0.6725  0
1.0000  0.6700  0
1.0000  0.6675  0
1.0000  0.6650  0
1.0000  0.6625  0
1.0000  0.6600  0
1.0000  0.6575  0
1.0000  0.6550  0
1.0000  0.6525  0
1.0000  0.6500  0
1.0000  0.6475  0
1.0000  0.6450  0
1.0000  0.6425  0
1.0000  0.6400  0
1.0000  0.6375  0
1.0000  0.6350  0
1.0000  0.6325  0
1.0000  0.6300  0
1.0000  0.6275  0
1.0000  0.6250  0
1.0000  0.6225  0
1.0000  0.6200  0
1.0000  0.6175  0
1.0000  0.6150  0
1.0000  0.6125  0
1.0000  0.6100  0
1.0000  0.6075  0
1.0000  0.6050  0
1.0000  0.6025  0
1.0000  0.6000  0
1.0000  0.5975  0
1.0000  0.5950  0
1.0000  0.5925  0
1.0000  0.5900  0
1.0000  0.5875  0
1.0000  0.5850  0
1.0000  0.5825  0
1.0000  0.5800  0
1.0000  0.5775  0
1.0000  0.5750  0
1.0000  0.5725  0
1.0000  0.5700  0
1.0000  0.5675  0
1.0000  0.5650  0
1.0000  0.5625  0
1.0000  0.5600  0
1.0000  0.5575  0
1.0000  0.5550  0
1.0000  0.5525  0
1.0000  0.5500  0
1.0000  0.5475  0
1.0000  0.5450  0
1.0000  0.5425  0
1.0000  0.5400  0
1.0000  0.5375  0
1.0000  0.5350  0
1.0000  0.5325  0
1.0000  0.5300  0
1.0000  0.5275  0
1.0000  0.5250  0
1.0000  0.5225  0
1.0000  0.5200  0
1.0000  0.5175  0
1.0000  0.5150  0
1.0000  0.5125  0
1.0000  0.5100  0
1.0000  0.5075  0
1.0000  0.5050  0
1.0000  0.5025  0
1.0000  0.5000  0
1.0000  0.4975  0
1.0000  0.4950  0
1.0000  0.4925  0
1.0000  0.4900  0
1.0000  0.4875  0
1.0000  0.4850  0
1.0000  0.4825  0
1.0000  0.4800  0
1.0000  0.4775  0
1.0000  0.4750  0
1.0000  0.4725  0
1.0000  0.4700  0
1.0000  0.4675  0
1.0000  0.4650  0
1.0000  0.4625  0
1.0000  0.4600  0
1.0000  0.4575  0
1.0000  0.4550  0
1.0000  0.4525  0
1.0000  0.4500  0
1.0000  0.4475  0
1.0000  0.4450  0
1.0000  0.4425  0
1.0000  0.4400  0
1.0000  0.4375  0
1.0000  0.4350  0
1.0000  0.4325  0
1.0000  0.4300  0
1.0000  0.4275  0
1.0000  0.4250  0
1.0000  0.4225  0
1.0000  0.4200  0
1.0000  0.4175  0
1.0000  0.4150  0
1.0000  0.4125  0
1.0000  0.4100  0
1.0000  0.4075  0
1.0000  0.4050  0
1.0000  0.4025  0
1.0000  0.4000  0
1.0000  0.3975  0
1.0000  0.3950  0
1.0000  0.3925  0
1.0000  0.3900  0
1.0000  0.3875  0
1.0000  0.3850  0
1.0000  0.3825  0
1.0000  0.3800  0
1.0000  0.3775  0
1.0000  0.3750  0
1.0000  0.3725  0
1.0000  0.3700  0
1.0000  0.3675  0
1.0000  0.3650  0
1.0000  0.3625  0
1.0000  0.3600  0
1.0000  0.3575  0
1.0000  0.3550  0
1.0000  0.3525  0
1.0000  0.3500  0
1.0000  0.3475  0
1.0000  0.3450  0
1.0000  0.3425  0
1.0000  0.3400  0
1.0000  0.3375  0
1.0000  0.3350  0
1.0000  0.3325  0
1.0000  0.3300  0
1.0000  0.3275  0
1.0000  0.3250  0
1.0000  0.3225  0
1.0000  0.3200  0
1.0000  0.3175  0
1.0000  0.3150  0
1.0000  0.3125  0
1.0000  0.3100  0
1.0000  0.3075  0
1.0000  0.3050  0
1.0000  0.3025  0
1.0000  0.3000  0
1.0000  0.2975  0
1.0000  0.2950  0
1.0000  0.2925  0
1.0000  0.2900  0
1.0000  0.2875  0
1.0000  0.2850  0
1.0000  0.2825  0
1.0000  0.2800  0
1.0000  0.2775  0
1.0000  0.2750  0
1.0000  0.2725  0
1.0000  0.2700  0
1.0000  0.2675  0
1.0000  0.2650  0
1.0000  0.2625  0
1.0000  0.2600  0
1.0000  0.2575  0
1.0000  0.2550  0
1.0000  0.2525  0
1.0000  0.2500  0
1.0000  0.2475  0
1.0000  0.2450  0
1.0000  0.2425  0
1.0000  0.2400  0
1.0000  0.2375  0
1.0000  0.2350  0
1.0000  0.2325  0
1.0000  0.2300  0
1.0000  0.2275  0
1.0000  0.2250  0
1.0000  0.2225  0
1.0000  0.2200  0
1.0000  0.2175  0
1.0000  0.2150  0
1.0000  0.2125  0
1.0000  0.2100  0
1.0000  0.2075  0
1.0000  0.2050  0
1.0000  0.2025  0
1.0000  0.2000  0
1.0000  0.1975  0
1.0000  0.1950  0
1.0000  0.1925  0
1.0000  0.1900  0
1.0000  0.1875  0
1.0000  0.1850  0
1.0000  0.1825  0
1.0000  0.1800  0
1.0000  0.1775  0
1.0000  0.1750  0
1.0000  0.1725  0
1.0000  0.1700  0
1.0000  0.1675  0
1.0000  0.1650  0
1.0000  0.1625  0
1.0000  0.1600  0
1.0000  0.1575  0
1.0000  0.1550  0
1.0000  0.1525  0
1.0000  0.1500  0
1.0000  0.1475  0
1.0000  0.1450  0
1.0000  0.1425  0
1.0000  0.1400  0
1.0000  0.1375  0
1.0000  0.1350  0
1.0000  0.1325  0
1.0000  0.1300  0
1.0000  0.1275  0
1.0000  0.1250  0
1.0000  0.1225  0
1.0000  0.1200  0
1.0000  0.1175  0
1.0000  0.1150  0
1.0000  0.1125  0
1.0000  0.1100  0
1.0000  0.1075  0
1.0000  0.1050  0
1.0000  0.1025  0
1.0000  0.1000  0
1.0000  0.0975  0
1.0000  0.0950  0
1.0000  0.0925  0
1.0000  0.0900  0
1.0000  0.0875  0
1.0000  0.0850  0
1.0000  0.0825  0
1.0000  0.0800  0
1.0000  0.0775  0
1.0000  0.0750  0
1.0000  0.0725  0
1.0000  0.0700  0
1.0000  0.0675  0
1.0000  0.0650  0
1.0000  0.0625  0
1.0000  0.0600  0
1.0000  0.0575  0
1.0000  0.0550  0
1.0000  0.0525  0
1.0000  0.0500  0
1.0000  0.0475  0
1.0000  0.0450  0
1.0000  0.0425  0
1.0000  0.0400  0
1.0000  0.0375  0
1.0000  0.0350  0
1.0000  0.0325  0
1.0000  0.0300  0
1.0000  0.0275  0
1.0000  0.0250  0
1.0000  0.0225  0
1.0000  0.0200  0
1.0000  0.0175  0
1.0000  0.0150  0
1.0000  0.0125  0
1.0000  0.0100  0
1.0000  0.0075  0
1.0000  0.0050  0
1.0000  0.0025  0
1.0000  0  0
0.9975  0  0
0.9950  0  0
0.9925  0  0
0.9900  0  0
0.9875  0  0
0.9850  0  0
0.9825  0  0
0.9800  0  0
0.9775  0  0
0.9750  0  0
0.9725  0  0
0.9700  0  0
0.9675  0  0
0.9650  0  0
0.9625  0  0
0.9600  0  0
0.9575  0  0
0.9550  0  0
0.9525  0  0
0.9500  0  0
0.9475  0  0
0.9450  0  0
0.9425  0  0
0.9400  0  0
0.9375  0  0
0.9350  0  0
0.9325  0  0
0.9300  0  0
0.9275  0  0
0.9250  0  0
0.9225  0  0
0.9200  0  0
0.9175  0  0
0.9150  0  0
0.9125  0  0
0.9100  0  0
0.9075  0  0
0.9050  0  0
0.9025  0  0
0.9000  0  0
0.8975  0  0
0.8950  0  0
0.8925  0  0
0.8900  0  0
0.8875  0  0
0.8850  0  0
0.8825  0  0
0.8800  0  0
0.8775  0  0
0.8750  0  0
0.8725  0  0
0.8700  0  0
0.8675  0  0
0.8650  0  0
0.8625  0  0
0.8600  0  0
0.8575  0  0
0.8550  0  0
0.8525  0  0
0.8500  0  0
0.8475  0  0
0.8450  0  0
0.8425  0  0
0.8400  0  0
0.8375  0  0
0.8350  0  0
0.8325  0  0
0.8300  0  0
0.8275  0  0
0.8250  0  0
0.8225  0  0
0.8200  0  0
0.8175  0  0
0.8150  0  0
0.8125  0  0
0.8100  0  0
0.8075  0  0
0.8050  0  0
0.8025  0  0
0.8000  0  0
0.7975  0  0
0.7950  0  0
0.7925  0  0
0.7900  0  0
0.7875  0  0
0.7850  0  0
0.7825  0  0
0.7800  0  0
0.7775  0  0
0.7750  0  0
0.7725  0  0
0.7700  0  0
0.7675  0  0
0.7650  0  0
0.7625  0  0
0.7600  0  0
0.7575  0  0
0.7550  0  0
0.7525  0  0
0.7500  0  0
0.7475  0  0
0.7450  0  0
0.7425  0  0
0.7400  0  0
0.7375  0  0
0.7350  0  0
0.7325  0  0
0.7300  0  0
0.7275  0  0
0.7250  0  0
0.7225  0  0
0.7200  0  0
0.7175  0  0
0.7150  0  0
0.7125  0  0
0.7100  0  0
0.7075  0  0
0.7050  0  0
0.7025  0  0
0.7000  0  0
0.6975  0  0
0.6950  0  0
0.6925  0  0
0.6900  0  0
0.6875  0  0
0.6850  0  0
0.6825  0  0
0.6800  0  0
0.6775  0  0
0.6750  0  0
0.6725  0  0
0.6700  0  0
0.6675  0  0
0.6650  0  0
0.6625  0  0
0.6600  0  0
0.6575  0  0
0.6550  0  0
0.6525  0  0
0.6500  0  0
0.6475  0  0
0.6450  0  0
0.6425  0  0
0.6400  0  0
0.6375  0  0
0.6350  0  0
0.6325  0  0
0.6300  0  0
0.6275  0  0
0.6250  0  0
0.6225  0  0
0.6200  0  0
0.6175  0  0
0.6150  0  0
0.6125  0  0
0.6100  0  0
0.6075  0  0
0.6050  0  0
0.6025  0  0
0.6000  0  0
0.5975  0  0
0.5950  0  0
0.5925  0  0
0.5900  0  0
0.5875  0  0
0.5850  0  0
0.5825  0  0
0.5800  0  0
0.5775  0  0
0.5750  0  0
0.5725  0  0
0.5700  0  0
0.5675  0  0
0.5650  0  0
0.5625  0  0
0.5600  0  0
0.5575  0  0
0.5550  0  0
0.5525  0  0
0.5500  0  0
0.5475  0  0
0.5450  0  0
0.5425  0  0
0.5400  0  0
0.5375  0  0
0.5350  0  0
0.5325  0  0
0.5300  0  0
0.5275  0  0
0.5250  0  0
0.5225  0  0
0.5200  0  0
0.5175  0  0
0.5150  0  0
0.5125  0  0
0.5100  0  0
0.5075  0  0
0.5050  0  0
0.5025  0  0
0.5000  0  0