0 0 0.502
0 0 0.504
0 0 0.506
0 0 0.508
0 0 0.510
0 0 0.512
0 0 0.514
0 0 0.516
0 0 0.518
0 0 0.520
0 0 0.522
0 0 0.524
0 0 0.526
0 0 0.528
0 0 0.530
0 0 0.532
0 0 0.534
0 0 0.536
0 0 0.538
0 0 0.540
0 0 0.542
0 0 0.544
0 0 0.546
0 0 0.548
0 0 0.550
0 0 0.552
0 0 0.554
0 0 0.556
0 0 0.558
0 0 0.560
0 0 0.562
0 0 0.564
0 0 0.566
0 0 0.568
0 0 0.570
0 0 0.572
0 0 0.574
0 0 0.576
0 0 0.578
0 0 0.580
0 0 0.582
0 0 0.584
0 0 0.586
0 0 0.588
0 0 0.590
0 0 0.592
0 0 0.594
0 0 0.596
0 0 0.598
0 0 0.600
0 0 0.602
0 0 0.604
0 0 0.606
0 0 0.608
0 0 0.610
0 0 0.612
0 0 0.614
0 0 0.616
0 0 0.618
0 0 0.620
0 0 0.622
0 0 0.624
0 0 0.626
0 0 0.628
0 0 0.630
0 0 0.632
0 0 0.634
0 0 0.636
0 0 0.638
0 0 0.640
0 0 0.642
0 0 0.644
0 0 0.646
0 0 0.648
0 0 0.650
0 0 0.652
0 0 0.654
0 0 0.656
0 0 0.658
0 0 0.660
0 0 0.662
0 0 0.664
0 0 0.666
0 0 0.668
0 0 0.670
0 0 0.672
0 0 0.674
0 0 0.676
0 0 0.678
0 0 0.680
0 0 0.682
0 0 0.684
0 0 0.686
0 0 0.688
0 0 0.690
0 0 0.692
0 0 0.694
0 0 0.696
0 0 0.698
0 0 0.700
0 0 0.702
0 0 0.704
0 0 0.706
0 0 0.708
0 0 0.710
0 0 0.712
0 0 0.714
0 0 0.716
0 0 0.718
0 0 0.720
0 0 0.722
0 0 0.724
0 0 0.726
0 0 0.728
0 0 0.730
0 0 0.732
0 0 0.734
0 0 0.736
0 0 0.738
0 0 0.740
0 0 0.742
0 0 0.744
0 0 0.746
0 0 0.748
0 0 0.750
0 0 0.752
0 0 0.754
0 0 0.756
0 0 0.758
0 0 0.760
0 0 0.762
0 0 0.764
0 0 0.766
0 0 0.768
0 0 0.770
0 0 0.772
0 0 0.774
0 0 0.776
0 0 0.778
0 0 0.780
0 0 0.782
0 0 0.784
0 0 0.786
0 0 0.788
0 0 0.790
0 0 0.792
0 0 0.794
0 0 0.796
0 0 0.798
0 0 0.800
0 0 0.802
0 0 0.804
0 0 0.806
0 0 0.808
0 0 0.810
0 0 0.812
0 0 0.814
0 0 0.816
0 0 0.818
0 0 0.820
0 0 0.822
0 0 0.824
0 0 0.826
0 0 0.828
0 0 0.830
0 0 0.832
0 0 0.834
0 0 0.836
0 0 0.838
0 0 0.840
0 0 0.842
0 0 0.844
0 0 0.846
0 0 0.848
0 0 0.850
0 0 0.852
0 0 0.854
0 0 0.856
0 0 0.858
0 0 0.860
0 0 0.862
0 0 0.864
0 0 0.866
0 0 0.868
0 0 0.870
0 0 0.872
0 0 0.874
0 0 0.876
0 0 0.878
0 0 0.880
0 0 0.882
0 0 0.884
0 0 0.886
0 0 0.888
0 0 0.890
0 0 0.892
0 0 0.894
0 0 0.896
0 0 0.898
0 0 0.900
0 0 0.902
0 0 0.904
0 0 0.906
0 0 0.908
0 0 0.910
0 0 0.912
0 0 0.914
0 0 0.916
0 0 0.918
0 0 0.920
0 0 0.922
0 0 0.924
0 0 0.926
0 0 0.928
0 0 0.930
0 0 0.932
0 0 0.934
0 0 0.936
0 0 0.938
0 0 0.940
0 0 0.942
0 0 0.944
0 0 0.946
0 0 0.948
0 0 0.950
0 0 0.952
0 0 0.954
0 0 0.956
0 0 0.958
0 0 0.960
0 0 0.962
0 0 0.964
0 0 0.966
0 0 0.968
0 0 0.970
0 0 0.972
0 0 0.974
0 0 0.976
0 0 0.978
0 0 0.980
0 0 0.982
0 0 0.984
0 0 0.986
0 0 0.988
0 0 0.990
0 0 0.992
0 0 0.994
0 0 0.996
0 0 0.998
0 0 1.000
0 0.002 1.000
0 0.004 1.000
0 0.006 1.000
0 0.008 1.000
0 0.010 1.000
0 0.012 1.000
0 0.014 1.000
0 0.016 1.000
0 0.018 1.000
0 0.020 1.000
0 0.022 1.000
0 0.024 1.000
0 0.026 1.000
0 0.028 1.000
0 0.030 1.000
0 0.032 1.000
0 0.034 1.000
0 0.036 1.000
0 0.038 1.000
0 0.040 1.000
0 0.042 1.000
0 0.044 1.000
0 0.046 1.000
0 0.048 1.000
0 0.050 1.000
0 0.052 1.000
0 0.054 1.000
0 0.056 1.000
0 0.058 1.000
0 0.060 1.000
0 0.062 1.000
0 0.064 1.000
0 0.066 1.000
0 0.068 1.000
0 0.070 1.000
0 0.072 1.000
0 0.074 1.000
0 0.076 1.000
0 0.078 1.000
0 0.080 1.000
0 0.082 1.000
0 0.084 1.000
0 0.086 1.000
0 0.088 1.000
0 0.090 1.000
0 0.092 1.000
0 0.094 1.000
0 0.096 1.000
0 0.098 1.000
0 0.100 1.000
0 0.102 1.000
0 0.104 1.000
0 0.106 1.000
0 0.108 1.000
0 0.110 1.000
0 0.112 1.000
0 0.114 1.000
0 0.116 1.000
0 0.118 1.000
0 0.120 1.000
0 0.122 1.000
0 0.124 1.000
0 0.126 1.000
0 0.128 1.000
0 0.130 1.000
0 0.132 1.000
0 0.134 1.000
0 0.136 1.000
0 0.138 1.000
0 0.140 1.000
0 0.142 1.000
0 0.144 1.000
0 0.146 1.000
0 0.148 1.000
0 0.150 1.000
0 0.152 1.000
0 0.154 1.000
0 0.156 1.000
0 0.158 1.000
0 0.160 1.000
0 0.162 1.000
0 0.164 1.000
0 0.166 1.000
0 0.168 1.000
0 0.170 1.000
0 0.172 1.000
0 0.174 1.000
0 0.176 1.000
0 0.178 1.000
0 0.180 1.000
0 0.182 1.000
0 0.184 1.000
0 0.186 1.000
0 0.188 1.000
0 0.190 1.000
0 0.192 1.000
0 0.194 1.000
0 0.196 1.000
0 0.198 1.000
0 0.200 1.000
0 0.202 1.000
0 0.204 1.000
0 0.206 1.000
0 0.208 1.000
0 0.210 1.000
0 0.212 1.000
0 0.214 1.000
0 0.216 1.000
0 0.218 1.000
0 0.220 1.000
0 0.222 1.000
0 0.224 1.000
0 0.226 1.000
0 0.228 1.000
0 0.230 1.000
0 0.232 1.000
0 0.234 1.000
0 0.236 1.000
0 0.238 1.000
0 0.240 1.000
0 0.242 1.000
0 0.244 1.000
0 0.246 1.000
0 0.248 1.000
0 0.250 1.000
0 0.252 1.000
0 0.254 1.000
0 0.256 1.000
0 0.258 1.000
0 0.260 1.000
0 0.262 1.000
0 0.264 1.000
0 0.266 1.000
0 0.268 1.000
0 0.270 1.000
0 0.272 1.000
0 0.274 1.000
0 0.276 1.000
0 0.278 1.000
0 0.280 1.000
0 0.282 1.000
0 0.284 1.000
0 0.286 1.000
0 0.288 1.000
0 0.290 1.000
0 0.292 1.000
0 0.294 1.000
0 0.296 1.000
0 0.298 1.000
0 0.300 1.000
0 0.302 1.000
0 0.304 1.000
0 0.306 1.000
0 0.308 1.000
0 0.310 1.000
0 0.312 1.000
0 0.314 1.000
0 0.316 1.000
0 0.318 1.000
0 0.320 1.000
0 0.322 1.000
0 0.324 1.000
0 0.326 1.000
0 0.328 1.000
0 0.330 1.000
0 0.332 1.000
0 0.334 1.000
0 0.336 1.000
0 0.338 1.000
0 0.340 1.000
0 0.342 1.000
0 0.344 1.000
0 0.346 1.000
0 0.348 1.000
0 0.350 1.000
0 0.352 1.000
0 0.354 1.000
0 0.356 1.000
0 0.358 1.000
0 0.360 1.000
0 0.362 1.000
0 0.364 1.000
0 0.366 1.000
0 0.368 1.000
0 0.370 1.000
0 0.372 1.000
0 0.374 1.000
0 0.376 1.000
0 0.378 1.000
0 0.380 1.000
0 0.382 1.000
0 0.384 1.000
0 0.386 1.000
0 0.388 1.000
0 0.390 1.000
0 0.392 1.000
0 0.394 1.000
0 0.396 1.000
0 0.398 1.000
0 0.400 1.000
0 0.402 1.000
0 0.404 1.000
0 0.406 1.000
0 0.408 1.000
0 0.410 1.000
0 0.412 1.000
0 0.414 1.000
0 0.416 1.000
0 0.418 1.000
0 0.420 1.000
0 0.422 1.000
0 0.424 1.000
0 0.426 1.000
0 0.428 1.000
0 0.430 1.000
0 0.432 1.000
0 0.434 1.000
0 0.436 1.000
0 0.438 1.000
0 0.440 1.000
0 0.442 1.000
0 0.444 1.000
0 0.446 1.000
0 0.448 1.000
0 0.450 1.000
0 0.452 1.000
0 0.454 1.000
0 0.456 1.000
0 0.458 1.000
0 0.460 1.000
0 0.462 1.000
0 0.464 1.000
0 0.466 1.000
0 0.468 1.000
0 0.470 1.000
0 0.472 1.000
0 0.474 1.000
0 0.476 1.000
0 0.478 1.000
0 0.480 1.000
0 0.482 1.000
0 0.484 1.000
0 0.486 1.000
0 0.488 1.000
0 0.490 1.000
0 0.492 1.000
0 0.494 1.000
0 0.496 1.000
0 0.498 1.000
0 0.500 1.000
0 0.502 1.000
0 0.504 1.000
0 0.506 1.000
0 0.508 1.000
0 0.510 1.000
0 0.512 1.000
0 0.514 1.000
0 0.516 1.000
0 0.518 1.000
0 0.520 1.000
0 0.522 1.000
0 0.524 1.000
0 0.526 1.000
0 0.528 1.000
0 0.530 1.000
0 0.532 1.000
0 0.534 1.000
0 0.536 1.000
0 0.538 1.000
0 0.540 1.000
0 0.542 1.000
0 0.544 1.000
0 0.546 1.000
0 0.548 1.000
0 0.550 1.000
0 0.552 1.000
0 0.554 1.000
0 0.556 1.000
0 0.558 1.000
0 0.560 1.000
0 0.562 1.000
0 0.564 1.000
0 0.566 1.000
0 0.568 1.000
0 0.570 1.000
0 0.572 1.000
0 0.574 1.000
0 0.576 1.000
0 0.578 1.000
0 0.580 1.000
0 0.582 1.000
0 0.584 1.000
0 0.586 1.000
0 0.588 1.000
0 0.590 1.000
0 0.592 1.000
0 0.594 1.000
0 0.596 1.000
0 0.598 1.000
0 0.600 1.000
0 0.602 1.000
0 0.604 1.000
0 0.606 1.000
0 0.608 1.000
0 0.610 1.000
0 0.612 1.000
0 0.614 1.000
0 0.616 1.000
0 0.618 1.000
0 0.620 1.000
0 0.622 1.000
0 0.624 1.000
0 0.626 1.000
0 0.628 1.000
0 0.630 1.000
0 0.632 1.000
0 0.634 1.000
0 0.636 1.000
0 0.638 1.000
0 0.640 1.000
0 0.642 1.000
0 0.644 1.000
0 0.646 1.000
0 0.648 1.000
0 0.650 1.000
0 0.652 1.000
0 0.654 1.000
0 0.656 1.000
0 0.658 1.000
0 0.660 1.000
0 0.662 1.000
0 0.664 1.000
0 0.666 1.000
0 0.668 1.000
0 0.670 1.000
0 0.672 1.000
0 0.674 1.000
0 0.676 1.000
0 0.678 1.000
0 0.680 1.000
0 0.682 1.000
0 0.684 1.000
0 0.686 1.000
0 0.688 1.000
0 0.690 1.000
0 0.692 1.000
0 0.694 1.000
0 0.696 1.000
0 0.698 1.000
0 0.700 1.000
0 0.702 1.000
0 0.704 1.000
0 0.706 1.000
0 0.708 1.000
0 0.710 1.000
0 0.712 1.000
0 0.714 1.000
0 0.716 1.000
0 0.718 1.000
0 0.720 1.000
0 0.722 1.000
0 0.724 1.000
0 0.726 1.000
0 0.728 1.000
0 0.730 1.000
0 0.732 1.000
0 0.734 1.000
0 0.736 1.000
0 0.738 1.000
0 0.740 1.000
0 0.742 1.000
0 0.744 1.000
0 0.746 1.000
0 0.748 1.000
0 0.750 1.000
0 0.752 1.000
0 0.754 1.000
0 0.756 1.000
0 0.758 1.000
0 0.760 1.000
0 0.762 1.000
0 0.764 1.000
0 0.766 1.000
0 0.768 1.000
0 0.770 1.000
0 0.772 1.000
0 0.774 1.000
0 0.776 1.000
0 0.778 1.000
0 0.780 1.000
0 0.782 1.000
0 0.784 1.000
0 0.786 1.000
0 0.788 1.000
0 0.790 1.000
0 0.792 1.000
0 0.794 1.000
0 0.796 1.000
0 0.798 1.000
0 0.800 1.000
0 0.802 1.000
0 0.804 1.000
0 0.806 1.000
0 0.808 1.000
0 0.810 1.000
0 0.812 1.000
0 0.814 1.000
0 0.816 1.000
0 0.818 1.000
0 0.820 1.000
0 0.822 1.000
0 0.824 1.000
0 0.826 1.000
0 0.828 1.000
0 0.830 1.000
0 0.832 1.000
0 0.834 1.000
0 0.836 1.000
0 0.838 1.000
0 0.840 1.000
0 0.842 1.000
0 0.844 1.000
0 0.846 1.000
0 0.848 1.000
0 0.850 1.000
0 0.852 1.000
0 0.854 1.000
0 0.856 1.000
0 0.858 1.000
0 0.860 1.000
0 0.862 1.000
0 0.864 1.000
0 0.866 1.000
0 0.868 1.000
0 0.870 1.000
0 0.872 1.000
0 0.874 1.000
0 0.876 1.000
0 0.878 1.000
0 0.880 1.000
0 0.882 1.000
0 0.884 1.000
0 0.886 1.000
0 0.888 1.000
0 0.890 1.000
0 0.892 1.000
0 0.894 1.000
0 0.896 1.000
0 0.898 1.000
0 0.900 1.000
0 0.902 1.000
0 0.904 1.000
0 0.906 1.000
0 0.908 1.000
0 0.910 1.000
0 0.912 1.000
0 0.914 1.000
0 0.916 1.000
0 0.918 1.000
0 0.920 1.000
0 0.922 1.000
0 0.924 1.000
0 0.926 1.000
0 0.928 1.000
0 0.930 1.000
0 0.932 1.000
0 0.934 1.000
0 0.936 1.000
0 0.938 1.000
0 0.940 1.000
0 0.942 1.000
0 0.944 1.000
0 0.946 1.000
0 0.948 1.000
0 0.950 1.000
0 0.952 1.000
0 0.954 1.000
0 0.956 1.000
0 0.958 1.000
0 0.960 1.000
0 0.962 1.000
0 0.964 1.000
0 0.966 1.000
0 0.968 1.000
0 0.970 1.000
0 0.972 1.000
0 0.974 1.000
0 0.976 1.000
0 0.978 1.000
0 0.980 1.000
0 0.982 1.000
0 0.984 1.000
0 0.986 1.000
0 0.988 1.000
0 0.990 1.000
0 0.992 1.000
0 0.994 1.000
0 0.996 1.000
0 0.998 1.000
0 1.000 1.000
0.002 1.000 0.998
0.004 1.000 0.996
0.006 1.000 0.994
0.008 1.000 0.992
0.010 1.000 0.990
0.012 1.000 0.988
0.014 1.000 0.986
0.016 1.000 0.984
0.018 1.000 0.982
0.020 1.000 0.980
0.022 1.000 0.978
0.024 1.000 0.976
0.026 1.000 0.974
0.028 1.000 0.972
0.030 1.000 0.970
0.032 1.000 0.968
0.034 1.000 0.966
0.036 1.000 0.964
0.038 1.000 0.962
0.040 1.000 0.960
0.042 1.000 0.958
0.044 1.000 0.956
0.046 1.000 0.954
0.048 1.000 0.952
0.050 1.000 0.950
0.052 1.000 0.948
0.054 1.000 0.946
0.056 1.000 0.944
0.058 1.000 0.942
0.060 1.000 0.940
0.062 1.000 0.938
0.064 1.000 0.936
0.066 1.000 0.934
0.068 1.000 0.932
0.070 1.000 0.930
0.072 1.000 0.928
0.074 1.000 0.926
0.076 1.000 0.924
0.078 1.000 0.922
0.080 1.000 0.920
0.082 1.000 0.918
0.084 1.000 0.916
0.086 1.000 0.914
0.088 1.000 0.912
0.090 1.000 0.910
0.092 1.000 0.908
0.094 1.000 0.906
0.096 1.000 0.904
0.098 1.000 0.902
0.100 1.000 0.900
0.102 1.000 0.898
0.104 1.000 0.896
0.106 1.000 0.894
0.108 1.000 0.892
0.110 1.000 0.890
0.112 1.000 0.888
0.114 1.000 0.886
0.116 1.000 0.884
0.118 1.000 0.882
0.120 1.000 0.880
0.122 1.000 0.878
0.124 1.000 0.876
0.126 1.000 0.874
0.128 1.000 0.872
0.130 1.000 0.870
0.132 1.000 0.868
0.134 1.000 0.866
0.136 1.000 0.864
0.138 1.000 0.862
0.140 1.000 0.860
0.142 1.000 0.858
0.144 1.000 0.856
0.146 1.000 0.854
0.148 1.000 0.852
0.150 1.000 0.850
0.152 1.000 0.848
0.154 1.000 0.846
0.156 1.000 0.844
0.158 1.000 0.842
0.160 1.000 0.840
0.162 1.000 0.838
0.164 1.000 0.836
0.166 1.000 0.834
0.168 1.000 0.832
0.170 1.000 0.830
0.172 1.000 0.828
0.174 1.000 0.826
0.176 1.000 0.824
0.178 1.000 0.822
0.180 1.000 0.820
0.182 1.000 0.818
0.184 1.000 0.816
0.186 1.000 0.814
0.188 1.000 0.812
0.190 1.000 0.810
0.192 1.000 0.808
0.194 1.000 0.806
0.196 1.000 0.804
0.198 1.000 0.802
0.200 1.000 0.800
0.202 1.000 0.798
0.204 1.000 0.796
0.206 1.000 0.794
0.208 1.000 0.792
0.210 1.000 0.790
0.212 1.000 0.788
0.214 1.000 0.786
0.216 1.000 0.784
0.218 1.000 0.782
0.220 1.000 0.780
0.222 1.000 0.778
0.224 1.000 0.776
0.226 1.000 0.774
0.228 1.000 0.772
0.230 1.000 0.770
0.232 1.000 0.768
0.234 1.000 0.766
0.236 1.000 0.764
0.238 1.000 0.762
0.240 1.000 0.760
0.242 1.000 0.758
0.244 1.000 0.756
0.246 1.000 0.754
0.248 1.000 0.752
0.250 1.000 0.750
0.252 1.000 0.748
0.254 1.000 0.746
0.256 1.000 0.744
0.258 1.000 0.742
0.260 1.000 0.740
0.262 1.000 0.738
0.264 1.000 0.736
0.266 1.000 0.734
0.268 1.000 0.732
0.270 1.000 0.730
0.272 1.000 0.728
0.274 1.000 0.726
0.276 1.000 0.724
0.278 1.000 0.722
0.280 1.000 0.720
0.282 1.000 0.718
0.284 1.000 0.716
0.286 1.000 0.714
0.288 1.000 0.712
0.290 1.000 0.710
0.292 1.000 0.708
0.294 1.000 0.706
0.296 1.000 0.704
0.298 1.000 0.702
0.300 1.000 0.700
0.302 1.000 0.698
0.304 1.000 0.696
0.306 1.000 0.694
0.308 1.000 0.692
0.310 1.000 0.690
0.312 1.000 0.688
0.314 1.000 0.686
0.316 1.000 0.684
0.318 1.000 0.682
0.320 1.000 0.680
0.322 1.000 0.678
0.324 1.000 0.676
0.326 1.000 0.674
0.328 1.000 0.672
0.330 1.000 0.670
0.332 1.000 0.668
0.334 1.000 0.666
0.336 1.000 0.664
0.338 1.000 0.662
0.340 1.000 0.660
0.342 1.000 0.658
0.344 1.000 0.656
0.346 1.000 0.654
0.348 1.000 0.652
0.350 1.000 0.650
0.352 1.000 0.648
0.354 1.000 0.646
0.356 1.000 0.644
0.358 1.000 0.642
0.360 1.000 0.640
0.362 1.000 0.638
0.364 1.000 0.636
0.366 1.000 0.634
0.368 1.000 0.632
0.370 1.000 0.630
0.372 1.000 0.628
0.374 1.000 0.626
0.376 1.000 0.624
0.378 1.000 0.622
0.380 1.000 0.620
0.382 1.000 0.618
0.384 1.000 0.616
0.386 1.000 0.614
0.388 1.000 0.612
0.390 1.000 0.610
0.392 1.000 0.608
0.394 1.000 0.606
0.396 1.000 0.604
0.398 1.000 0.602
0.400 1.000 0.600
0.402 1.000 0.598
0.404 1.000 0.596
0.406 1.000 0.594
0.408 1.000 0.592
0.410 1.000 0.590
0.412 1.000 0.588
0.414 1.000 0.586
0.416 1.000 0.584
0.418 1.000 0.582
0.420 1.000 0.580
0.422 1.000 0.578
0.424 1.000 0.576
0.426 1.000 0.574
0.428 1.000 0.572
0.430 1.000 0.570
0.432 1.000 0.568
0.434 1.000 0.566
0.436 1.000 0.564
0.438 1.000 0.562
0.440 1.000 0.560
0.442 1.000 0.558
0.444 1.000 0.556
0.446 1.000 0.554
0.448 1.000 0.552
0.450 1.000 0.550
0.452 1.000 0.548
0.454 1.000 0.546
0.456 1.000 0.544
0.458 1.000 0.542
0.460 1.000 0.540
0.462 1.000 0.538
0.464 1.000 0.536
0.466 1.000 0.534
0.468 1.000 0.532
0.470 1.000 0.530
0.472 1.000 0.528
0.474 1.000 0.526
0.476 1.000 0.524
0.478 1.000 0.522
0.480 1.000 0.520
0.482 1.000 0.518
0.484 1.000 0.516
0.486 1.000 0.514
0.488 1.000 0.512
0.490 1.000 0.510
0.492 1.000 0.508
0.494 1.000 0.506
0.496 1.000 0.504
0.498 1.000 0.502
0.500 1.000 0.500
0.502 1.000 0.498
0.504 1.000 0.496
0.506 1.000 0.494
0.508 1.000 0.492
0.510 1.000 0.490
0.512 1.000 0.488
0.514 1.000 0.486
0.516 1.000 0.484
0.518 1.000 0.482
0.520 1.000 0.480
0.522 1.000 0.478
0.524 1.000 0.476
0.526 1.000 0.474
0.528 1.000 0.472
0.530 1.000 0.470
0.532 1.000 0.468
0.534 1.000 0.466
0.536 1.000 0.464
0.538 1.000 0.462
0.540 1.000 0.460
0.542 1.000 0.458
0.544 1.000 0.456
0.546 1.000 0.454
0.548 1.000 0.452
0.550 1.000 0.450
0.552 1.000 0.448
0.554 1.000 0.446
0.556 1.000 0.444
0.558 1.000 0.442
0.560 1.000 0.440
0.562 1.000 0.438
0.564 1.000 0.436
0.566 1.000 0.434
0.568 1.000 0.432
0.570 1.000 0.430
0.572 1.000 0.428
0.574 1.000 0.426
0.576 1.000 0.424
0.578 1.000 0.422
0.580 1.000 0.420
0.582 1.000 0.418
0.584 1.000 0.416
0.586 1.000 0.414
0.588 1.000 0.412
0.590 1.000 0.410
0.592 1.000 0.408
0.594 1.000 0.406
0.596 1.000 0.404
0.598 1.000 0.402
0.600 1.000 0.400
0.602 1.000 0.398
0.604 1.000 0.396
0.606 1.000 0.394
0.608 1.000 0.392
0.610 1.000 0.390
0.612 1.000 0.388
0.614 1.000 0.386
0.616 1.000 0.384
0.618 1.000 0.382
0.620 1.000 0.380
0.622 1.000 0.378
0.624 1.000 0.376
0.626 1.000 0.374
0.628 1.000 0.372
0.630 1.000 0.370
0.632 1.000 0.368
0.634 1.000 0.366
0.636 1.000 0.364
0.638 1.000 0.362
0.640 1.000 0.360
0.642 1.000 0.358
0.644 1.000 0.356
0.646 1.000 0.354
0.648 1.000 0.352
0.650 1.000 0.350
0.652 1.000 0.348
0.654 1.000 0.346
0.656 1.000 0.344
0.658 1.000 0.342
0.660 1.000 0.340
0.662 1.000 0.338
0.664 1.000 0.336
0.666 1.000 0.334
0.668 1.000 0.332
0.670 1.000 0.330
0.672 1.000 0.328
0.674 1.000 0.326
0.676 1.000 0.324
0.678 1.000 0.322
0.680 1.000 0.320
0.682 1.000 0.318
0.684 1.000 0.316
0.686 1.000 0.314
0.688 1.000 0.312
0.690 1.000 0.310
0.692 1.000 0.308
0.694 1.000 0.306
0.696 1.000 0.304
0.698 1.000 0.302
0.700 1.000 0.300
0.702 1.000 0.298
0.704 1.000 0.296
0.706 1.000 0.294
0.708 1.000 0.292
0.710 1.000 0.290
0.712 1.000 0.288
0.714 1.000 0.286
0.716 1.000 0.284
0.718 1.000 0.282
0.720 1.000 0.280
0.722 1.000 0.278
0.724 1.000 0.276
0.726 1.000 0.274
0.728 1.000 0.272
0.730 1.000 0.270
0.732 1.000 0.268
0.734 1.000 0.266
0.736 1.000 0.264
0.738 1.000 0.262
0.740 1.000 0.260
0.742 1.000 0.258
0.744 1.000 0.256
0.746 1.000 0.254
0.748 1.000 0.252
0.750 1.000 0.250
0.752 1.000 0.248
0.754 1.000 0.246
0.756 1.000 0.244
0.758 1.000 0.242
0.760 1.000 0.240
0.762 1.000 0.238
0.764 1.000 0.236
0.766 1.000 0.234
0.768 1.000 0.232
0.770 1.000 0.230
0.772 1.000 0.228
0.774 1.000 0.226
0.776 1.000 0.224
0.778 1.000 0.222
0.780 1.000 0.220
0.782 1.000 0.218
0.784 1.000 0.216
0.786 1.000 0.214
0.788 1.000 0.212
0.790 1.000 0.210
0.792 1.000 0.208
0.794 1.000 0.206
0.796 1.000 0.204
0.798 1.000 0.202
0.800 1.000 0.200
0.802 1.000 0.198
0.804 1.000 0.196
0.806 1.000 0.194
0.808 1.000 0.192
0.810 1.000 0.190
0.812 1.000 0.188
0.814 1.000 0.186
0.816 1.000 0.184
0.818 1.000 0.182
0.820 1.000 0.180
0.822 1.000 0.178
0.824 1.000 0.176
0.826 1.000 0.174
0.828 1.000 0.172
0.830 1.000 0.170
0.832 1.000 0.168
0.834 1.000 0.166
0.836 1.000 0.164
0.838 1.000 0.162
0.840 1.000 0.160
0.842 1.000 0.158
0.844 1.000 0.156
0.846 1.000 0.154
0.848 1.000 0.152
0.850 1.000 0.150
0.852 1.000 0.148
0.854 1.000 0.146
0.856 1.000 0.144
0.858 1.000 0.142
0.860 1.000 0.140
0.862 1.000 0.138
0.864 1.000 0.136
0.866 1.000 0.134
0.868 1.000 0.132
0.870 1.000 0.130
0.872 1.000 0.128
0.874 1.000 0.126
0.876 1.000 0.124
0.878 1.000 0.122
0.880 1.000 0.120
0.882 1.000 0.118
0.884 1.000 0.116
0.886 1.000 0.114
0.888 1.000 0.112
0.890 1.000 0.110
0.892 1.000 0.108
0.894 1.000 0.106
0.896 1.000 0.104
0.898 1.000 0.102
0.900 1.000 0.100
0.902 1.000 0.098
0.904 1.000 0.096
0.906 1.000 0.094
0.908 1.000 0.092
0.910 1.000 0.090
0.912 1.000 0.088
0.914 1.000 0.086
0.916 1.000 0.084
0.918 1.000 0.082
0.920 1.000 0.080
0.922 1.000 0.078
0.924 1.000 0.076
0.926 1.000 0.074
0.928 1.000 0.072
0.930 1.000 0.070
0.932 1.000 0.068
0.934 1.000 0.066
0.936 1.000 0.064
0.938 1.000 0.062
0.940 1.000 0.060
0.942 1.000 0.058
0.944 1.000 0.056
0.946 1.000 0.054
0.948 1.000 0.052
0.950 1.000 0.050
0.952 1.000 0.048
0.954 1.000 0.046
0.956 1.000 0.044
0.958 1.000 0.042
0.960 1.000 0.040
0.962 1.000 0.038
0.964 1.000 0.036
0.966 1.000 0.034
0.968 1.000 0.032
0.970 1.000 0.030
0.972 1.000 0.028
0.974 1.000 0.026
0.976 1.000 0.024
0.978 1.000 0.022
0.980 1.000 0.020
0.982 1.000 0.018
0.984 1.000 0.016
0.986 1.000 0.014
0.988 1.000 0.012
0.990 1.000 0.010
0.992 1.000 0.008
0.994 1.000 0.006
0.996 1.000 0.004
0.998 1.000 0.002
1.000 1.000 0
1.000 0.998 0
1.000 0.996 0
1.000 0.994 0
1.000 0.992 0
1.000 0.990 0
1.000 0.988 0
1.000 0.986 0
1.000 0.984 0
1.000 0.982 0
1.000 0.980 0
1.000 0.978 0
1.000 0.976 0
1.000 0.974 0
1.000 0.972 0
1.000 0.970 0
1.000 0.968 0
1.000 0.966 0
1.000 0.964 0
1.000 0.962 0
1.000 0.960 0
1.000 0.958 0
1.000 0.956 0
1.000 0.954 0
1.000 0.952 0
1.000 0.950 0
1.000 0.948 0
1.000 0.946 0
1.000 0.944 0
1.000 0.942 0
1.000 0.940 0
1.000 0.938 0
1.000 0.936 0
1.000 0.934 0
1.000 0.932 0
1.000 0.930 0
1.000 0.928 0
1.000 0.926 0
1.000 0.924 0
1.000 0.922 0
1.000 0.920 0
1.000 0.918 0
1.000 0.916 0
1.000 0.914 0
1.000 0.912 0
1.000 0.910 0
1.000 0.908 0
1.000 0.906 0
1.000 0.904 0
1.000 0.902 0
1.000 0.900 0
1.000 0.898 0
1.000 0.896 0
1.000 0.894 0
1.000 0.892 0
1.000 0.890 0
1.000 0.888 0
1.000 0.886 0
1.000 0.884 0
1.000 0.882 0
1.000 0.880 0
1.000 0.878 0
1.000 0.876 0
1.000 0.874 0
1.000 0.872 0
1.000 0.870 0
1.000 0.868 0
1.000 0.866 0
1.000 0.864 0
1.000 0.862 0
1.000 0.860 0
1.000 0.858 0
1.000 0.856 0
1.000 0.854 0
1.000 0.852 0
1.000 0.850 0
1.000 0.848 0
1.000 0.846 0
1.000 0.844 0
1.000 0.842 0
1.000 0.840 0
1.000 0.838 0
1.000 0.836 0
1.000 0.834 0
1.000 0.832 0
1.000 0.830 0
1.000 0.828 0
1.000 0.826 0
1.000 0.824 0
1.000 0.822 0
1.000 0.820 0
1.000 0.818 0
1.000 0.816 0
1.000 0.814 0
1.000 0.812 0
1.000 0.810 0
1.000 0.808 0
1.000 0.806 0
1.000 0.804 0
1.000 0.802 0
1.000 0.800 0
1.000 0.798 0
1.000 0.796 0
1.000 0.794 0
1.000 0.792 0
1.000 0.790 0
1.000 0.788 0
1.000 0.786 0
1.000 0.784 0
1.000 0.782 0
1.000 0.780 0
1.000 0.778 0
1.000 0.776 0
1.000 0.774 0
1.000 0.772 0
1.000 0.770 0
1.000 0.768 0
1.000 0.766 0
1.000 0.764 0
1.000 0.762 0
1.000 0.760 0
1.000 0.758 0
1.000 0.756 0
1.000 0.754 0
1.000 0.752 0
1.000 0.750 0
1.000 0.748 0
1.000 0.746 0
1.000 0.744 0
1.000 0.742 0
1.000 0.740 0
1.000 0.738 0
1.000 0.736 0
1.000 0.734 0
1.000 0.732 0
1.000 0.730 0
1.000 0.728 0
1.000 0.726 0
1.000 0.724 0
1.000 0.722 0
1.000 0.720 0
1.000 0.718 0
1.000 0.716 0
1.000 0.714 0
1.000 0.712 0
1.000 0.710 0
1.000 0.708 0
1.000 0.706 0
1.000 0.704 0
1.000 0.702 0
1.000 0.700 0
1.000 0.698 0
1.000 0.696 0
1.000 0.694 0
1.000 0.692 0
1.000 0.690 0
1.000 0.688 0
1.000 0.686 0
1.000 0.684 0
1.000 0.682 0
1.000 0.680 0
1.000 0.678 0
1.000 0.676 0
1.000 0.674 0
1.000 0.672 0
1.000 0.670 0
1.000 0.668 0
1.000 0.666 0
1.000 0.664 0
1.000 0.662 0
1.000 0.660 0
1.000 0.658 0
1.000 0.656 0
1.000 0.654 0
1.000 0.652 0
1.000 0.650 0
1.000 0.648 0
1.000 0.646 0
1.000 0.644 0
1.000 0.642 0
1.000 0.640 0
1.000 0.638 0
1.000 0.636 0
1.000 0.634 0
1.000 0.632 0
1.000 0.630 0
1.000 0.628 0
1.000 0.626 0
1.000 0.624 0
1.000 0.622 0
1.000 0.620 0
1.000 0.618 0
1.000 0.616 0
1.000 0.614 0
1.000 0.612 0
1.000 0.610 0
1.000 0.608 0
1.000 0.606 0
1.000 0.604 0
1.000 0.602 0
1.000 0.600 0
1.000 0.598 0
1.000 0.596 0
1.000 0.594 0
1.000 0.592 0
1.000 0.590 0
1.000 0.588 0
1.000 0.586 0
1.000 0.584 0
1.000 0.582 0
1.000 0.580 0
1.000 0.578 0
1.000 0.576 0
1.000 0.574 0
1.000 0.572 0
1.000 0.570 0
1.000 0.568 0
1.000 0.566 0
1.000 0.564 0
1.000 0.562 0
1.000 0.560 0
1.000 0.558 0
1.000 0.556 0
1.000 0.554 0
1.000 0.552 0
1.000 0.550 0
1.000 0.548 0
1.000 0.546 0
1.000 0.544 0
1.000 0.542 0
1.000 0.540 0
1.000 0.538 0
1.000 0.536 0
1.000 0.534 0
1.000 0.532 0
1.000 0.530 0
1.000 0.528 0
1.000 0.526 0
1.000 0.524 0
1.000 0.522 0
1.000 0.520 0
1.000 0.518 0
1.000 0.516 0
1.000 0.514 0
1.000 0.512 0
1.000 0.510 0
1.000 0.508 0
1.000 0.506 0
1.000 0.504 0
1.000 0.502 0
1.000 0.500 0
1.000 0.498 0
1.000 0.496 0
1.000 0.494 0
1.000 0.492 0
1.000 0.490 0
1.000 0.488 0
1.000 0.486 0
1.000 0.484 0
1.000 0.482 0
1.000 0.480 0
1.000 0.478 0
1.000 0.476 0
1.000 0.474 0
1.000 0.472 0
1.000 0.470 0
1.000 0.468 0
1.000 0.466 0
1.000 0.464 0
1.000 0.462 0
1.000 0.460 0
1.000 0.458 0
1.000 0.456 0
1.000 0.454 0
1.000 0.452 0
1.000 0.450 0
1.000 0.448 0
1.000 0.446 0
1.000 0.444 0
1.000 0.442 0
1.000 0.440 0
1.000 0.438 0
1.000 0.436 0
1.000 0.434 0
1.000 0.432 0
1.000 0.430 0
1.000 0.428 0
1.000 0.426 0
1.000 0.424 0
1.000 0.422 0
1.000 0.420 0
1.000 0.418 0
1.000 0.416 0
1.000 0.414 0
1.000 0.412 0
1.000 0.410 0
1.000 0.408 0
1.000 0.406 0
1.000 0.404 0
1.000 0.402 0
1.000 0.400 0
1.000 0.398 0
1.000 0.396 0
1.000 0.394 0
1.000 0.392 0
1.000 0.390 0
1.000 0.388 0
1.000 0.386 0
1.000 0.384 0
1.000 0.382 0
1.000 0.380 0
1.000 0.378 0
1.000 0.376 0
1.000 0.374 0
1.000 0.372 0
1.000 0.370 0
1.000 0.368 0
1.000 0.366 0
1.000 0.364 0
1.000 0.362 0
1.000 0.360 0
1.000 0.358 0
1.000 0.356 0
1.000 0.354 0
1.000 0.352 0
1.000 0.350 0
1.000 0.348 0
1.000 0.346 0
1.000 0.344 0
1.000 0.342 0
1.000 0.340 0
1.000 0.338 0
1.000 0.336 0
1.000 0.334 0
1.000 0.332 0
1.000 0.330 0
1.000 0.328 0
1.000 0.326 0
1.000 0.324 0
1.000 0.322 0
1.000 0.320 0
1.000 0.318 0
1.000 0.316 0
1.000 0.314 0
1.000 0.312 0
1.000 0.310 0
1.000 0.308 0
1.000 0.306 0
1.000 0.304 0
1.000 0.302 0
1.000 0.300 0
1.000 0.298 0
1.000 0.296 0
1.000 0.294 0
1.000 0.292 0
1.000 0.290 0
1.000 0.288 0
1.000 0.286 0
1.000 0.284 0
1.000 0.282 0
1.000 0.280 0
1.000 0.278 0
1.000 0.276 0
1.000 0.274 0
1.000 0.272 0
1.000 0.270 0
1.000 0.268 0
1.000 0.266 0
1.000 0.264 0
1.000 0.262 0
1.000 0.260 0
1.000 0.258 0
1.000 0.256 0
1.000 0.254 0
1.000 0.252 0
1.000 0.250 0
1.000 0.248 0
1.000 0.246 0
1.000 0.244 0
1.000 0.242 0
1.000 0.240 0
1.000 0.238 0
1.000 0.236 0
1.000 0.234 0
1.000 0.232 0
1.000 0.230 0
1.000 0.228 0
1.000 0.226 0
1.000 0.224 0
1.000 0.222 0
1.000 0.220 0
1.000 0.218 0
1.000 0.216 0
1.000 0.214 0
1.000 0.212 0
1.000 0.210 0
1.000 0.208 0
1.000 0.206 0
1.000 0.204 0
1.000 0.202 0
1.000 0.200 0
1.000 0.198 0
1.000 0.196 0
1.000 0.194 0
1.000 0.192 0
1.000 0.190 0
1.000 0.188 0
1.000 0.186 0
1.000 0.184 0
1.000 0.182 0
1.000 0.180 0
1.000 0.178 0
1.000 0.176 0
1.000 0.174 0
1.000 0.172 0
1.000 0.170 0
1.000 0.168 0
1.000 0.166 0
1.000 0.164 0
1.000 0.162 0
1.000 0.160 0
1.000 0.158 0
1.000 0.156 0
1.000 0.154 0
1.000 0.152 0
1.000 0.150 0
1.000 0.148 0
1.000 0.146 0
1.000 0.144 0
1.000 0.142 0
1.000 0.140 0
1.000 0.138 0
1.000 0.136 0
1.000 0.134 0
1.000 0.132 0
1.000 0.130 0
1.000 0.128 0
1.000 0.126 0
1.000 0.124 0
1.000 0.122 0
1.000 0.120 0
1.000 0.118 0
1.000 0.116 0
1.000 0.114 0
1.000 0.112 0
1.000 0.110 0
1.000 0.108 0
1.000 0.106 0
1.000 0.104 0
1.000 0.102 0
1.000 0.100 0
1.000 0.098 0
1.000 0.096 0
1.000 0.094 0
1.000 0.092 0
1.000 0.090 0
1.000 0.088 0
1.000 0.086 0
1.000 0.084 0
1.000 0.082 0
1.000 0.080 0
1.000 0.078 0
1.000 0.076 0
1.000 0.074 0
1.000 0.072 0
1.000 0.070 0
1.000 0.068 0
1.000 0.066 0
1.000 0.064 0
1.000 0.062 0
1.000 0.060 0
1.000 0.058 0
1.000 0.056 0
1.000 0.054 0
1.000 0.052 0
1.000 0.050 0
1.000 0.048 0
1.000 0.046 0
1.000 0.044 0
1.000 0.042 0
1.000 0.040 0
1.000 0.038 0
1.000 0.036 0
1.000 0.034 0
1.000 0.032 0
1.000 0.030 0
1.000 0.028 0
1.000 0.026 0
1.000 0.024 0
1.000 0.022 0
1.000 0.020 0
1.000 0.018 0
1.000 0.016 0
1.000 0.014 0
1.000 0.012 0
1.000 0.010 0
1.000 0.008 0
1.000 0.006 0
1.000 0.004 0
1.000 0.002 0
1.000 0 0
0.998 0 0
0.996 0 0
0.994 0 0
0.992 0 0
0.990 0 0
0.988 0 0
0.986 0 0
0.984 0 0
0.982 0 0
0.980 0 0
0.978 0 0
0.976 0 0
0.974 0 0
0.972 0 0
0.970 0 0
0.968 0 0
0.966 0 0
0.964 0 0
0.962 0 0
0.960 0 0
0.958 0 0
0.956 0 0
0.954 0 0
0.952 0 0
0.950 0 0
0.948 0 0
0.946 0 0
0.944 0 0
0.942 0 0
0.940 0 0
0.938 0 0
0.936 0 0
0.934 0 0
0.932 0 0
0.930 0 0
0.928 0 0
0.926 0 0
0.924 0 0
0.922 0 0
0.920 0 0
0.918 0 0
0.916 0 0
0.914 0 0
0.912 0 0
0.910 0 0
0.908 0 0
0.906 0 0
0.904 0 0
0.902 0 0
0.900 0 0
0.898 0 0
0.896 0 0
0.894 0 0
0.892 0 0
0.890 0 0
0.888 0 0
0.886 0 0
0.884 0 0
0.882 0 0
0.880 0 0
0.878 0 0
0.876 0 0
0.874 0 0
0.872 0 0
0.870 0 0
0.868 0 0
0.866 0 0
0.864 0 0
0.862 0 0
0.860 0 0
0.858 0 0
0.856 0 0
0.854 0 0
0.852 0 0
0.850 0 0
0.848 0 0
0.846 0 0
0.844 0 0
0.842 0 0
0.840 0 0
0.838 0 0
0.836 0 0
0.834 0 0
0.832 0 0
0.830 0 0
0.828 0 0
0.826 0 0
0.824 0 0
0.822 0 0
0.820 0 0
0.818 0 0
0.816 0 0
0.814 0 0
0.812 0 0
0.810 0 0
0.808 0 0
0.806 0 0
0.804 0 0
0.802 0 0
0.800 0 0
0.798 0 0
0.796 0 0
0.794 0 0
0.792 0 0
0.790 0 0
0.788 0 0
0.786 0 0
0.784 0 0
0.782 0 0
0.780 0 0
0.778 0 0
0.776 0 0
0.774 0 0
0.772 0 0
0.770 0 0
0.768 0 0
0.766 0 0
0.764 0 0
0.762 0 0
0.760 0 0
0.758 0 0
0.756 0 0
0.754 0 0
0.752 0 0
0.750 0 0
0.748 0 0
0.746 0 0
0.744 0 0
0.742 0 0
0.740 0 0
0.738 0 0
0.736 0 0
0.734 0 0
0.732 0 0
0.730 0 0
0.728 0 0
0.726 0 0
0.724 0 0
0.722 0 0
0.720 0 0
0.718 0 0
0.716 0 0
0.714 0 0
0.712 0 0
0.710 0 0
0.708 0 0
0.706 0 0
0.704 0 0
0.702 0 0
0.700 0 0
0.698 0 0
0.696 0 0
0.694 0 0
0.692 0 0
0.690 0 0
0.688 0 0
0.686 0 0
0.684 0 0
0.682 0 0
0.680 0 0
0.678 0 0
0.676 0 0
0.674 0 0
0.672 0 0
0.670 0 0
0.668 0 0
0.666 0 0
0.664 0 0
0.662 0 0
0.660 0 0
0.658 0 0
0.656 0 0
0.654 0 0
0.652 0 0
0.650 0 0
0.648 0 0
0.646 0 0
0.644 0 0
0.642 0 0
0.640 0 0
0.638 0 0
0.636 0 0
0.634 0 0
0.632 0 0
0.630 0 0
0.628 0 0
0.626 0 0
0.624 0 0
0.622 0 0
0.620 0 0
0.618 0 0
0.616 0 0
0.614 0 0
0.612 0 0
0.610 0 0
0.608 0 0
0.606 0 0
0.604 0 0
0.602 0 0
0.600 0 0
0.598 0 0
0.596 0 0
0.594 0 0
0.592 0 0
0.590 0 0
0.588 0 0
0.586 0 0
0.584 0 0
0.582 0 0
0.580 0 0
0.578 0 0
0.576 0 0
0.574 0 0
0.572 0 0
0.570 0 0
0.568 0 0
0.566 0 0
0.564 0 0
0.562 0 0
0.560 0 0
0.558 0 0
0.556 0 0
0.554 0 0
0.552 0 0
0.550 0 0
0.548 0 0
0.546 0 0
0.544 0 0
0.542 0 0
0.540 0 0
0.538 0 0
0.536 0 0
0.534 0 0
0.532 0 0
0.530 0 0
0.528 0 0
0.526 0 0
0.524 0 0
0.522 0 0
0.520 0 0
0.518 0 0
0.516 0 0
0.514 0 0
0.512 0 0
0.510 0 0
0.508 0 0
0.506 0 0
0.504 0 0
0.502 0 0
0.500 0 0
